timeStamp,,
3.08,2.9,0
42.23,3.1,0
128,5.4,0
197.9,9.12,0
271,10.9,0
358.2,12.2,0
407,12.8,0
414.7,14.5,0
468.8,16.44,0
481.8,16.7,0
483,17.1,0
480.4,17.66,0
439.4,18.1,0
399.1,17.9,0
304.5,18,0
195,18.1,0
252.8,18.2,0
142.7,18,0
25.62,17.06,0
3.11,16.34,0
31.68,6.48,0
115.4,7.18,0
191.9,9.18,0
265.5,12.6,0
329.8,13.42,0
386.3,13.98,0
430.9,14.78,0
461.8,15.66,0
478.8,16.18,0
482.2,17.18,0
471.2,17.88,0
447.4,18.2,0
408.9,18.6,0
359.9,19.04,0
297.3,18.9,0
227.7,18.7,0
153.6,18.5,0
39.25,17.8,0
7.1,16.9,0
17.58,4.6,0
109.4,5.82,0
184.7,8.9,0
259,9.3,0
327.6,10.3,0
388,11.54,0
434.2,12.92,0
470.2,13.46,0
493.5,13.56,0
500.7,14.5,0
492.2,15,0
471.4,15.7,0
435.9,16.1,0
385.5,16.26,0
323.5,16.4,0
255.8,17.5,0
180.2,18,0
108.6,17.2,0
15.97,16.38,0
6.21,3.9,0
80.2,4.4,0
161.3,6.2,0
241,9.2,0
308.9,11.3,0
369.9,13.04,0
420.9,13.12,0
455.6,14.5,0
479.5,15.3,0
488.5,16.4,0
484.4,16.8,0
461.6,17.86,0
427.9,17.92,0
384.8,18.3,0
323.9,18.5,0
260.4,18.7,0
187.6,18.4,0
136.3,17.8,0
32.23,16.9,0
1.82,5.02,0
36.19,5.9,0
83.2,5.8,0
120.3,6.9,0
210.4,8.92,0
231,9.5,0
296.4,12.38,0
195.4,12.66,0
231.7,14,0
209.9,14.3,0
249,14.3,0
160.4,14.8,0
421.9,15.56,0
200.3,15.5,0
199.6,16.5,0
323.4,16.84,0
83.3,16.02,0
70.06,15.5,0
15.92,14.84,0
1.23,5.28,0
26.13,4.44,0
72.3,4.84,0
120.1,6.76,0
61.87,7.8,0
68.32,7.6,0
374.7,9.54,0
425.8,12.9,0
413.7,14,0
519,15.1,0
358.2,16,0
477.9,17,0
445.2,17.04,0
405.5,18.12,0
398.1,17.88,0
293.7,17.7,0
238.6,17.6,0
147.5,17.5,0
54.87,16.5,0
17.49,15.3,0
14.69,8.9,0
47.78,8.8,0
169,9.7,0
284.1,9.86,0
311.6,11.3,0
396.4,11.8,0
229,10.74,0
247.4,11,0
210.5,11.2,0
402.1,12.5,0
185.9,12.5,0
231.5,13.16,0
373.3,12.5,0
341.8,13.16,0
267.6,13.4,0
254.8,13.28,0
198,13.78,0
143,13.9,0
36.99,11.2,0
1.04,7.48,0
27.98,7.7,0
160.5,8.36,0
157.4,10,0
349.2,11.24,0
429.9,12.04,0
266.9,11.56,0
208.1,12,0
147.5,11.2,0
220.8,11.5,0
231.4,13.06,0
484,14.36,0
437.1,14.22,0
390.6,15,0
322.6,15.2,0
142.2,15.78,0
215.5,15.5,0
63.73,15,0
21.86,14.7,0
2.21,3.1,0
47.14,3.5,0
113,4.7,0
140.5,6.64,0
268.8,9.36,0
316.6,10.5,0
368.8,10.96,0
430.4,12.3,0
465.3,13.62,0
469,14.1,0
469.5,14.54,0
425.4,14.9,0
444.4,15.62,0
295.2,15.8,0
327,15.7,0
302.4,15.7,0
249.8,15.9,0
135.3,15.8,0
77.34,15.4,0
13.65,14.74,0
7.82,8.4,0
42.39,9.7,0
52.68,10.6,0
68.81,11.1,0
106.1,11,0
67.31,10.4,0
53.09,11.1,0
115.1,11.5,0
65.38,11.8,0
70.04,11.2,0
68.15,11.8,0
120,11.3,0
73.59,11.5,0
116.3,12,0
121.4,11.3,0
46.62,11.7,0
22.72,11.4,0
26.65,11.64,0
30,11.62,0
2.46,5.9,0
38.22,5.4,0
109.9,5.96,0
233.8,6.7,0
304.2,6.76,0
370.4,8.5,0
423.1,9.5,0
505.4,10.6,0
428.4,11,0
519.1,11.5,0
516.5,12.4,0
502.8,12.7,0
473.6,12.9,0
434,13.7,0
380.7,14.1,0
314.8,14.1,0
235.9,14.4,0
166.1,14.7,0
47.61,14.5,0
7.87,13.9,0
16.8,2.9,0
106.5,3.9,0
185.4,5.6,0
265.3,8.1,0
336.3,11.3,0
399.2,12.6,0
447.9,13.8,0
485.5,15,0
508.7,15.24,0
518.8,16,0
513,16.7,0
494,16.42,0
457.2,16.7,0
413.9,17.6,0
350.3,17.6,0
282.3,17.5,0
195.9,17.2,0
155.3,16.56,0
31.04,15.6,0
4.67,2.5,0
57.97,3.94,0
141.3,5.5,0
225.6,7.36,0
299.3,10.64,0
368,12.14,0
427,13.64,0
468.6,14.44,0
497.9,15.1,0
518.1,16.04,0
520,16.1,0
509.4,16.42,0
481.2,17.74,0
442.4,18.14,0
386,18.08,0
322.3,17.8,0
249,18.5,0
171.6,18.2,0
74.53,17.4,0
12.22,15.9,0
11.74,5.1,0
92.1,5.8,0
175.1,7.4,0
254.8,10.28,0
328.3,12.6,0
392.1,14.1,0
445.3,14.7,0
483.4,15.56,0
510.7,16.5,0
522.3,17.4,0
520,18.3,0
501,18.86,0
465.9,19.1,0
423.9,19.7,0
366.8,20.2,0
298.1,20.7,0
220.5,20.54,0
159.1,20,0
38.56,19.22,0
1.87,17.46,0
41.64,5.1,0
132.3,5.94,0
219.3,7.58,0
294.7,10.54,0
371.1,12.52,0
430.7,15,0
478,16.3,0
516.4,17.2,0
536.5,18.98,0
543.6,19.56,0
531.9,19.3,0
510.9,19.8,0
473.4,20.74,0
416.3,21.4,0
352.3,21.5,0
277.4,21.6,0
199.4,20.9,0
116.7,20.3,0
28.26,18.74,0
1.78,6.4,0
79.37,6.4,0
166.2,7.5,0
251,10,0
327.1,13.06,0
394,14.9,0
451.4,16.4,0
494.6,16.7,0
524.6,18.1,0
540.9,19.14,0
541.1,19.9,0
525.5,19.9,0
498.6,20.1,0
457.9,20.6,0
401.6,21.06,0
336.9,21.1,0
256.5,20.9,0
173.9,20.6,0
112.8,19.9,0
10.24,18.7,0
14.47,3.28,0
107.3,4.14,0
189.3,7.14,0
271.5,10.64,0
347.9,13.3,0
413.1,15.76,0
466.1,17.68,0
505.3,18.78,0
532.5,20.24,0
544.4,21.1,0
541.2,20.9,0
520.6,20.4,0
489.2,20.78,0
445.1,20.38,0
385.9,20.1,0
315.9,20.34,0
240.7,20.9,0
157.7,20.3,0
49.38,19.5,0
5.73,17.36,0
35.19,2.6,0
126.9,5.5,0
207.1,7.36,0
286.2,10.66,0
361.2,13.08,0
425.2,14.5,0
474.2,15.88,0
513.7,17.6,0
536.7,18.14,0
547,18.98,0
537.3,19.5,0
516.9,20,0
482.4,20.7,0
435,21.1,0
377.1,21.16,0
305.3,21.3,0
227.3,20.9,0
148.4,20.22,0
57.74,19.4,0
3.13,4.44,0
39.49,3.5,0
156.2,5.06,0
238.6,9.42,0
315.8,11.44,0
386.9,14,0
447.9,15.2,0
496.3,16,0
536.4,17.86,0
566.8,18.94,0
567.9,19.54,0
193.9,19.14,0
542.9,19.7,0
493.7,20.5,0
434.8,20.96,0
370.2,21.18,0
297.4,21.44,0
218.3,21.1,0
157.8,20.8,0
49.05,19.12,0
5.49,2.64,0
81.9,3.74,0
159.8,6.06,0
167.9,8.18,0
349.3,10.68,0
365.9,12.9,0
377.4,14.04,0
439,15.5,0
468.2,17.2,0
534.4,17.74,0
571,18.4,0
518.9,18.6,0
528.4,18.7,0
443.2,18.9,0
427.7,19.9,0
331.8,19.8,0
295.8,19.8,0
129.9,19.7,0
137,19.8,0
27.35,19.2,0
5.13,2.6,0
87.4,4.04,0
162,5.94,0
246.6,9.62,0
323.1,12.4,0
391.5,13.1,0
449.7,14.24,0
496.1,15.2,0
528.5,16.22,0
546.3,16.76,0
549.8,17.5,0
537,18.46,0
509.7,18.66,0
471.8,19.2,0
419.7,19.06,0
353.6,19.5,0
277.3,18.94,0
198.3,18.9,0
120.5,18.48,0
21.34,17.1,0
2.27,3.28,0
16.59,3.3,0
140.7,4.82,0
221.1,8.3,0
304.3,11.06,0
382.8,11.78,0
435.2,13.5,0
477.7,15.5,0
518.5,16.92,0
540.5,18.06,0
549,19.36,0
534.3,19,0
508.1,19.8,0
472.8,20.6,0
421.2,21.1,0
352,21.3,0
275.3,21.4,0
196.8,21,0
118.4,20.36,0
23.51,19.08,0
6,11.5,0
78.79,10.3,0
148.5,12.2,0
233.3,14.2,0
310.2,17.16,0
377,19.9,0
434,22.16,0
479.4,22.96,0
517.8,24.5,0
537.1,24.54,0
541.6,25.18,0
543.6,24.52,0
373.3,24.2,0
476.4,25.66,0
425.6,26.22,0
360.2,25.76,0
289.4,25.7,0
215.1,25,0
131.5,24.5,0
16.52,22.8,0
1.39,7.54,0
25.75,7.4,0
80.3,8.9,0
113.6,10.3,0
388.5,13.34,0
385,15.5,0
442.3,16.08,0
494.9,17.7,0
526.5,18.8,0
547.3,19.14,0
556,20,0
546.7,20.94,0
530.3,21.5,0
488.9,21.78,0
439.5,22.8,0
379.3,22.9,0
307.9,23.1,0
230.9,22.72,0
147.3,22.5,0
47.01,21.48,0
1.3,20,0
23.34,8.1,0
69.46,8.02,0
94.8,7.5,0
109.9,8.76,0
121.1,9.9,0
166.6,11.4,0
164.4,13.1,0
215.7,13.7,0
227,14.4,0
205.6,15.5,0
194.8,14.8,0
188.6,14.9,0
208.2,15.6,0
285.7,16.34,0
344.3,18.4,0
306.2,18.5,0
253.3,18.4,0
167.1,18.1,0
94.5,17.4,0
7.66,16.2,0
12.44,5,0
47.14,6.2,0
266.8,7.96,0
264.1,10.86,0
230.6,12.7,0
220.3,13.9,0
345.9,15,0
292.8,15.3,0
270.6,16.34,0
576.1,18.34,0
227.3,17.32,0
561.8,17.62,0
171.5,18.82,0
314.2,18.8,0
277.6,18.98,0
245,18.5,0
104.8,18.58,0
48.87,17.4,0
26.65,16.7,0
10.76,16.3,0
5.09,10.7,0
60.2,11.3,0
108.7,11.6,0
190.1,13.2,0
194.6,15.4,0
216.6,16,0
230.2,15.8,0
282,16.1,0
267.5,16.6,0
441.6,17.3,0
470.2,18.94,0
447.6,19.44,0
422.5,19.7,0
301.3,20.1,0
383,20.5,0
270.4,20.2,0
146.8,19.9,0
97.9,19.5,0
59.85,19.3,0
19.47,19.1,0
0.72,12.8,0
4.92,12.9,0
13.82,13.02,0
29.66,13.5,0
48.21,13.84,0
51.9,14,0
58.16,14.3,0
42.7,14.5,0
43.78,14.7,0
38.55,14.9,0
37.24,15.1,0
41.63,15.3,0
41.09,15.5,0
50,15.2,0
35.55,15,0
32.73,14.9,0
32.54,14.9,0
13.39,14.9,0
7,14.8,0
7.62,14.8,0
0.27,14.7,0
13.98,0.94,0
116.6,2.32,0
207.7,4.72,0
295,6.9,0
380.9,8.16,0
451.6,9.6,0
513.6,10.78,0
562.4,11.02,0
592.7,11.7,0
586.8,12.32,0
445.3,12.86,0
463.8,12.92,0
429.2,12.9,0
444.1,12.8,0
431.1,13.4,0
306.3,13.02,0
183,12.5,0
100.7,11.98,0
95,11.7,0
25.81,11.3,0
2.02,10.9,0
9.81,6.9,0
36.01,7.1,0
84.6,7.6,0
87.7,7.8,0
164.5,8.5,0
230.4,9.1,0
174.8,9.3,0
226.6,9.2,0
408.9,9.56,0
259.8,9.96,0
274.1,10.3,0
172.8,10.4,0
161.2,10.4,0
132.8,10.66,0
76.92,10.5,0
134.2,10.4,0
86.1,9.7,0
53.13,9.5,0
30.73,9.6,0
28.31,9.7,0
1.86,9.6,0
7.18,8.6,0
22.46,8.8,0
43.11,9,0
117.1,9.4,0
74.24,9.6,0
55.41,9.7,0
69.61,9.7,0
60.29,9.5,0
118.4,9.5,0
116.3,9.9,0
106.8,10.1,0
104,10.2,0
43.15,10.3,0
40.14,10.2,0
25.53,9.9,0
31.77,10.1,0
41.21,10,0
46.59,9.6,0
11.37,9.6,0
7.89,9.1,0
0.26,9.1,0
3.81,10.7,0
14.72,10.9,0
29.8,11.1,0
34.87,11.3,0
32.4,11.5,0
82.1,11.94,0
105,12.3,0
67.26,12.28,0
129.4,11.9,0
193.9,12,0
121.4,12.2,0
89.9,11.9,0
49.2,11.7,0
34.29,11.7,0
28.42,12,0
43.86,12.06,0
21.99,12.1,0
8.34,12.2,0
5.81,12.2,0
2.95,12.5,0
0.72,12.7,0
5.08,12.6,0
19.35,12.6,0
29.38,12.62,0
19.92,12.7,0
55.69,12.76,0
64.36,12.9,0
73.91,13.1,0
104.6,13.2,0
49.23,13.1,0
33.46,13,0
70.93,13,0
34.58,13.06,0
59.77,13.1,0
54.3,13.3,0
77.72,13.5,0
97.1,13.64,0
32.22,13.52,0
41.68,13.5,0
58.23,13.7,0
23.38,13.86,0
0.2,12,0
7.51,12.1,0
45.1,12.2,0
92.7,12.5,0
154.1,12.8,0
196,13.2,0
180.5,13.9,0
225.5,14.4,0
283.7,14.48,0
173.6,14.5,0
254.7,15.8,0
235.1,15.44,0
259.8,15.36,0
204,15.84,0
206.1,15.6,0
303.5,16.84,0
565.1,16.3,0
364.4,16.92,0
236.1,17.2,0
145.9,16.8,0
67.01,16,0
3.45,15.04,0
8.97,6.8,0
43.78,7.6,0
145.4,8.14,0
318,10.88,0
397.2,11.92,0
388.2,13.52,0
502.8,15,0
540,16,0
620.4,16.48,0
702,17.1,0
687.2,18.42,0
657.8,18.5,0
556.1,18.7,0
564.8,18.86,0
501.2,19.16,0
211.3,19.16,0
271.5,18.5,0
114.4,18.1,0
86.7,17,0
41.02,16.4,0
15.64,15.86,0
10.15,9.04,0
79.24,9.8,0
93.5,10.22,0
253.6,12.02,0
153.9,12.7,0
307.5,13.6,0
543.4,14.66,0
566.4,15.3,0
637.3,17.02,0
454,17.66,0
378,16.98,0
461.4,17.62,0
486.8,18.12,0
262.1,18.46,0
322.7,18.4,0
448.1,19.04,0
250.2,18.34,0
186.5,18.18,0
131.6,17.5,0
73.99,17.1,0
21.68,16.4,0
1.74,10.68,0
29.55,11.2,0
153.3,11.7,0
122.5,12.3,0
211.4,13,0
240.5,13.6,0
173.8,14.64,0
665,15.18,0
470.6,16.14,0
247,15.3,0
111.6,15.5,0
167.7,16.6,0
694.1,16.6,0
730.3,17.4,0
130.4,16.7,0
554.1,17,0
480.2,17.24,0
403,17.1,0
323.7,17.46,0
236.6,17,0
141,16.64,0
44.29,15.8,0
6.76,5.28,0
69.19,5.4,0
112.9,6,0
240.5,7.44,0
338,9.04,0
420.7,10.34,0
434.9,11.6,0
434,12.8,0
388.9,12.5,0
652.1,14.4,0
434.1,14.28,0
688.6,15.42,0
762.7,16.64,0
628.1,18,0
684.8,18.32,0
433.8,18.78,0
516.9,18.8,0
415.3,19.3,0
329.6,19.3,0
237,19.1,0
138,18.5,0
43.96,17.88,0
4.62,4,0
73.23,5.2,0
164.5,6.72,0
247.5,9.24,0
355.6,10.98,0
435.2,12.54,0
510.9,13.96,0
574.7,15.42,0
623.7,16.26,0
660.6,17.44,0
690.1,18.1,0
686.4,19.6,0
675.7,19.9,0
649.7,19.9,0
611.7,20.1,0
561,20.34,0
495,20.6,0
419.6,20.48,0
339.3,20.3,0
245.9,20.1,0
152.3,19.7,0
57.06,19.3,0
3.08,7.4,0
48.02,6.38,0
150.9,7.72,0
249.8,11.2,0
342.4,12.8,0
430,15.1,0
511.5,16.4,0
465.5,17.04,0
582.2,17.5,0
604.9,18.32,0
654.3,18.62,0
675.1,19.5,0
696.7,19.98,0
670.2,20.74,0
632.5,21.14,0
580.3,21.8,0
515,21.4,0
441,21.5,0
355.4,21.66,0
264,21.5,0
172.1,21,0
74.66,20.4,0
3.85,19.58,0
25.01,7.68,0
136,8.66,0
235,11.68,0
330.4,13.36,0
419.2,14.58,0
497.7,16.3,0
566,17.5,0
621.4,18.66,0
663,19.4,0
689,20.1,0
702.2,20.64,0
697.2,21.2,0
678.4,21.7,0
647.8,21.6,0
598.5,21.4,0
537.8,21.84,0
465.9,21.98,0
382.8,22.5,0
291.8,21.82,0
198.3,21.82,0
101.6,21.04,0
10.47,20.4,0
7.28,5.3,0
112.1,6.46,0
206.1,9.34,0
300.7,11.82,0
389.7,14.8,0
470.8,16.12,0
541.8,17.88,0
600.7,19,0
644.3,20.32,0
645.9,21,0
699.1,20.96,0
700.4,22.1,0
688.8,22.9,0
661.7,22.4,0
619.6,23.6,0
563.4,23.74,0
492.2,23.6,0
416,23.08,0
327.4,23.8,0
230.9,23.52,0
137.2,23.1,0
41.15,21.9,0
5.18,7,0
73.31,8.9,0
166.6,10.14,0
263.7,11.84,0
355.1,14.08,0
443.8,16.12,0
519,17.48,0
584.5,19.28,0
632.2,20.06,0
670.4,20.74,0
692.7,21.2,0
694.8,22.14,0
696,22.46,0
670.5,22.98,0
631.9,23.68,0
588.9,24.04,0
524.9,23.9,0
373.4,24.4,0
188,22.72,0
259.1,22.5,0
93.9,22.22,0
43.55,21.36,0
3.55,20,0
22.84,11.7,0
66.98,12.2,0
45.87,13,0
29.58,13.1,0
77.84,13.2,0
117.7,13.3,0
75.77,13.08,0
86.2,13.1,0
93.5,13,0
151.1,13.1,0
177.2,13.5,0
401.7,14.4,0
689.7,16.4,0
270.7,17.38,0
209.2,17.5,0
269.4,17.7,0
147.4,17.4,0
133.5,17.3,0
68.85,17.3,0
19.89,16.5,0
8.5,15.4,0
2.27,14.1,0
11.2,11.2,0
26.98,11.1,0
42.21,11.5,0
89.7,11.76,0
223.8,12.36,0
134.8,12.8,0
176.1,13,0
232.4,13.3,0
276.5,13.48,0
58.96,12.2,0
696.2,12.72,0
123.5,13.9,0
149.6,13.16,0
130.9,15.12,0
258,16,0
149.5,17.26,0
528.3,17.52,0
362.6,17.8,0
314.6,17.66,0
194.9,17.42,0
78.62,16.5,0
29.16,15.9,0
0.5,15,0
2.91,10.7,0
7.59,10.9,0
22.44,10.9,0
27.69,11.28,0
38.69,11.9,0
30.13,11.88,0
37.59,12.5,0
72.35,12,0
145.1,11.9,0
86.6,11.5,0
7.73,11.1,0
10.61,10.7,0
185.1,11.38,0
48.28,11.9,0
24.98,11.7,0
8.92,11.5,0
17.9,11.1,0
47.73,11.44,0
10.12,11.8,0
15.02,11.9,0
16.97,12,0
15.3,12.1,0
5.87,12.2,0
40.97,12.6,0
81.3,13.2,0
121.3,13.8,0
122.7,14.1,0
119.8,14.4,0
101,14.3,0
178.3,15.4,0
364.3,16.82,0
184.4,16.6,0
748,19,0
813,19.74,0
365.2,19.68,0
722.5,20.14,0
669.4,20,0
688.8,20.1,0
546.7,19.7,0
164.9,19.12,0
194.9,18.7,0
375,18.34,0
174.7,17.54,0
94,16.5,0
3.06,15.6,0
14.9,11.7,0
16.16,12.28,0
57.91,13.06,0
48.83,13.6,0
80,14.04,0
116.8,14.8,0
91.2,15,0
156.1,15.5,0
238.2,16.1,0
376.5,16.68,0
207.4,16.3,0
120.1,15.1,0
113.2,13.9,0
70.26,14.36,0
126.8,13.9,0
69.53,14.7,0
99.3,15.1,0
49.05,13.5,0
39.68,13.2,0
41.16,12.9,0
14.71,12.7,0
37.49,12.8,0
1.47,12.7,0
31.36,10.2,0
61.71,10.5,0
72.52,11.2,0
103.7,11.7,0
137.3,12.14,0
177.5,13.1,0
191.5,13.66,0
179.2,14.2,0
311,14.5,0
350.7,15.16,0
234.4,15.1,0
180.7,15.2,0
135.2,14.5,0
98.3,14.8,0
60.34,13.9,0
49.71,13.9,0
91.7,13.8,0
82.9,13.88,0
65.54,13.9,0
35.32,13.6,0
16.4,13.48,0
6.52,13.3,0
2.36,11.7,0
23.63,11.7,0
60.77,12.08,0
98.2,12.4,0
137.7,12.9,0
417.9,14.4,0
402.2,16.2,0
520,17.28,0
667.3,18.16,0
676.1,18.9,0
502.8,18.3,0
440.8,18.5,0
519.8,18.06,0
564.6,17.6,0
629.1,17.88,0
607.3,18.5,0
378.3,17.78,0
245,17.6,0
225.9,17.2,0
181,16.6,0
235.1,16.6,0
68.07,16.22,0
28.1,15.7,0
1.38,13.1,0
25.68,13.1,0
66.07,13.3,0
87.8,13.52,0
197,14.4,0
234.7,15.46,0
285.3,16.7,0
362.1,16.5,0
333.8,17.38,0
521.2,18.3,0
468.9,19.2,0
581.3,19.48,0
247.9,19.26,0
449,19.56,0
342.1,20.06,0
271.7,19.8,0
258.1,19.7,0
156.4,19.5,0
146.4,19.4,0
65.74,19.2,0
97.2,19.1,0
34.97,18.9,0
19.58,18.6,0
1.18,13.1,0
24.22,12.9,0
62.86,13,0
115.1,13.2,0
199.2,13.5,0
169.8,14.64,0
545.6,16.3,0
627.3,16.52,0
686.5,17.32,0
748.9,17.4,0
842,19.2,0
757.9,18.94,0
339.3,19.72,0
288.5,20.1,0
808,20.7,0
670.1,20.9,0
642.5,20.78,0
238.5,19.5,0
228.2,18.9,0
155.6,18.6,0
244.5,18.96,0
165.4,18.3,0
31.05,17.34,0
1.17,16.4,0
39.78,7.3,0
150.8,8.66,0
267.1,9.68,0
349.4,10.7,0
469.5,13.02,0
521.7,13.74,0
639.7,14.74,0
620.9,16.4,0
503.2,16.42,0
732.9,16.5,0
789.5,17.6,0
790.5,18.48,0
769.6,19.4,0
734.5,20.1,0
691.7,20.2,0
636.8,20.9,0
568.9,21.36,0
526.1,21.9,0
381.9,21.3,0
302.8,21.18,0
196.5,20.8,0
96.4,20.38,0
7.18,19.5,0
20.78,7.2,0
133.4,8.76,0
226.2,11.4,0
322.6,13.86,0
420.6,14.7,0
514,14.8,0
571.4,15.84,0
683,17.14,0
504.9,17.56,0
702.8,19.16,0
603.1,19.58,0
785,19.6,0
505.5,20,0
744.6,20.88,0
713,20.98,0
624.3,20.96,0
297.9,20.92,0
385.7,21.14,0
353.3,20.4,0
243.5,20.42,0
180.8,20.3,0
95.2,20.22,0
17.12,19.02,0
0.8,13.1,0
21.16,13.1,0
34.03,13.5,0
125.6,14.96,0
104.2,15.8,0
141.2,16.3,0
239.9,18.02,0
211.1,18.7,0
231.5,18.9,0
174.2,19.3,0
280.9,19.5,0
320.4,20.5,0
369.3,21.2,0
403.7,21.82,0
293,22.1,0
283.4,21.98,0
214.8,21.8,0
196.3,21.9,0
208.4,21.8,0
142.7,21.4,0
105.1,20.9,0
48.42,20.2,0
32.13,19.4,0
1.64,18.6,0
6.61,12,0
59.69,12.1,0
52.4,12.5,0
173.4,13.14,0
463.2,14.02,0
192.1,16,0
158,16.62,0
832,16.2,0
155.8,17.86,0
164.9,17.64,0
776,18.66,0
786.6,18.56,0
771.5,19.28,0
749.5,19.18,0
705.3,19.14,0
642.9,18.44,0
574.8,18.8,0
497.7,18.96,0
406.4,18.6,0
311.8,18.5,0
210.4,18.1,0
110.2,17.9,0
22.81,17.12,0
6.5,7.4,0
113.2,7.8,0
213.8,8.4,0
315.8,9.4,0
414.7,10,0
505.6,10.7,0
588.4,11.8,0
659,13.36,0
716.6,13.96,0
762.6,15.5,0
792.6,16.84,0
805,17.84,0
801,19.2,0
777,20.1,0
737.5,21.1,0
685.3,22.14,0
625.8,23.4,0
555.2,24.08,0
468.8,24.88,0
374.4,23.04,0
276.3,23,0
176.6,21.9,0
75.18,20.9,0
3.33,19.6,0
26.14,14.4,0
157.9,15.32,0
263.6,16.56,0
367,17.68,0
464.7,18.7,0
553.7,19.62,0
632.4,20.06,0
697.7,21,0
752.2,21.9,0
787.7,22.8,0
810,23.48,0
817,24.4,0
806,25.06,0
778.5,25.02,0
736.3,25.1,0
679.8,25.1,0
611.1,25.4,0
528.3,25.7,0
439.5,23.56,0
340.7,23.08,0
242.8,22.5,0
142.8,21.9,0
42.23,21,0
6.56,9.06,0
84.1,10.8,0
184.5,12.64,0
290.9,14.1,0
392.8,16.48,0
488.3,17.84,0
575.3,20.12,0
649.2,20.4,0
715.1,21.6,0
763.6,22.3,0
797.3,22.62,0
818,23.1,0
822,22.94,0
807,23.6,0
778.2,23.94,0
729.7,23.7,0
672.6,24.7,0
602.9,24.5,0
519.7,24.6,0
367.8,24.8,0
327.8,24.44,0
203.3,23.9,0
121,23.5,0
25.52,22.4,0
6.62,6.2,0
136.9,8.6,0
164.6,11.08,0
338,12.62,0
296.2,13.92,0
535,14.84,0
562.5,16.18,0
453.9,17.24,0
380.1,18.52,0
786.4,19.54,0
815,19.9,0
791.9,20.52,0
783.3,22.02,0
763.6,22.52,0
729.6,23.3,0
686.1,23.2,0
627.3,23.54,0
559,23.5,0
473.2,23.1,0
383.3,23.5,0
287.4,22.9,0
188.4,22.8,0
89.7,21.96,0
13.28,21.1,0
16.71,7,0
105.3,8.06,0
206.2,11,0
311,13.54,0
411.8,15.42,0
503.2,17.1,0
588.8,18.3,0
661.5,18.94,0
719.9,20.4,0
763.2,21.12,0
791.5,21.9,0
807,22.24,0
805,23.6,0
780.2,23.62,0
751.5,24.06,0
701.1,25.74,0
634.9,26,0
567.9,26.68,0
482.7,26,0
392.2,26.42,0
290.8,25.82,0
179.2,24.88,0
81.4,24.2,0
9.64,23.12,0
23.11,9.6,0
132.8,10.44,0
227.2,12.8,0
333.5,16.14,0
433.6,19.4,0
503.8,20.5,0
611,21.8,0
599.8,22.22,0
734.2,23.78,0
737.4,24.4,0
795.2,24.6,0
745.8,25.24,0
800,25.44,0
737.3,25.4,0
764.8,24.88,0
703.8,25.82,0
649.8,26.1,0
562.8,26.7,0
485,26.7,0
389.7,26.08,0
293.4,25.7,0
191.6,25.26,0
91.9,24.26,0
9.6,22.48,0
22.59,8.1,0
121.7,8.82,0
219.7,10.8,0
321.2,12.2,0
419.2,13.76,0
508.8,14.7,0
590,14.44,0
659.9,15.62,0
717,16.84,0
763,16.96,0
793.9,18,0
808,17.4,0
811,17.8,0
793.1,18.3,0
761.4,19.24,0
713.5,19.3,0
651.5,19.24,0
578.3,19.74,0
496.3,19.6,0
400.8,19.2,0
301.7,19.22,0
201.9,18.8,0
100.9,18.4,0
10.75,17.8,0
18.02,6.68,0
124.4,7.8,0
224.6,9.18,0
327,10.34,0
426.7,11.7,0
519,13.1,0
602.8,13.4,0
676.6,15,0
736.6,15.7,0
786.3,17.88,0
804,18.5,0
834,19.82,0
831,19.74,0
814,20.6,0
778,21,0
725.9,21.16,0
659.7,21.4,0
592.4,21.46,0
522.8,21.72,0
386.6,21.68,0
320.9,21.7,0
226.7,21.46,0
125.8,20.98,0
23.34,20.14,0
4.28,9.1,0
97.3,9.6,0
193.9,11.7,0
298.1,12.9,0
393.7,15.1,0
494.9,16.9,0
562.4,17.92,0
649.7,19.64,0
716.8,20.86,0
763.4,21.6,0
803,22.5,0
820,21.82,0
814,22.6,0
811,22.36,0
791.4,22.96,0
722.9,23.34,0
678.7,23.7,0
628.1,24.4,0
542.6,24.6,0
548.5,24.34,0
302.7,24.2,0
308.3,23.9,0
152.9,24.04,0
46.73,21.86,0
3.08,10.9,0
61.17,9.98,0
196.9,11.76,0
167.1,13.7,0
266.1,15.48,0
307.2,17.9,0
481.1,18.16,0
574.1,19.5,0
668.2,20.4,0
686.5,21.28,0
784.9,22.1,0
815,22.72,0
818,23.98,0
812,24.22,0
785.6,24.72,0
745.6,24.6,0
691,24.8,0
627.3,25.1,0
553.7,24.88,0
467.2,25,0
373.4,24.6,0
273.2,24.3,0
167.2,23.74,0
39.65,22.9,0
5.26,21.76,0
15.76,7.2,0
45.78,7.74,0
219.8,10.24,0
135.6,11.9,0
337.7,13.14,0
531.8,14.9,0
615.5,16.3,0
709.5,17.86,0
765.4,19.46,0
823,20.14,0
587.7,20.7,0
866,20.9,0
827,22.54,0
793.3,23.86,0
859,24.1,0
556.5,24.06,0
668.7,24.9,0
584.8,25.1,0
504.6,23.94,0
390.1,24.6,0
309.4,23.88,0
211.4,23.5,0
116.3,22.9,0
26.44,21.22,0
3.41,5.6,0
99.6,6.06,0
185.8,8.76,0
289.2,10.48,0
389,11.8,0
485.5,13.64,0
571.7,14.8,0
646.6,16.02,0
714.5,17.16,0
763.3,18.16,0
801,20,0
824,20.3,0
829,21.62,0
820,22.22,0
792,22.5,0
753.1,23.36,0
697.3,23.7,0
630.5,24.26,0
551.3,23.9,0
462.6,24.42,0
376.1,24.4,0
215.3,24.1,0
188.5,23.2,0
83.5,23.32,0
5.12,20.46,0
38.36,8.86,0
131.5,9.56,0
234.2,11.5,0
337.9,13.5,0
435.4,14.4,0
527.7,15.7,0
610.3,16.56,0
681.6,18.04,0
741.2,19.3,0
787.1,20.28,0
815,21.2,0
831,22.1,0
833,23.04,0
814,22.9,0
777.5,23.5,0
727.1,22.98,0
667.1,23.7,0
592,24.1,0
514.1,24.04,0
420.3,24,0
323.5,23.8,0
222.3,23.6,0
122.9,23.28,0
34.51,22.6,0
7.07,8.8,0
76.13,9.2,0
171.4,9.9,0
275.1,13.46,0
376.8,15.9,0
473.4,17.1,0
562.9,18.54,0
641.7,19.82,0
709,21.9,0
765.1,22.3,0
806,23.7,0
834,24.44,0
844,25.34,0
833,26.06,0
813,25.6,0
777.7,27.3,0
723.4,27.6,0
657.8,27.7,0
577.9,26.86,0
495,27.7,0
398.3,26.96,0
268.4,26.9,0
192.3,26.3,0
98.3,25.6,0
9.84,24.06,0
19.62,8.6,0
141.5,9.6,0
243.8,11.4,0
294,12.4,0
388.8,13,0
275.5,13.5,0
378.6,13.5,0
333.5,13.78,0
264,14.1,0
545,15.5,0
558.3,16.8,0
355.3,17.2,0
155.7,16.4,0
196.8,16.6,0
245.6,17.1,0
279,17.82,0
298,17.76,0
390.3,19.06,0
306.8,18.06,0
135.4,17.64,0
83.5,17.4,0
55.53,16.2,0
31.22,14.56,0
17.74,13.3,0
4.52,13.2,0
2.26,9.8,0
19.87,9.9,0
35.37,9.7,0
43.65,9.9,0
111.3,10,0
93.7,10.2,0
162.9,10.4,0
168.5,10.7,0
134.5,10.7,0
176,10.52,0
232.4,10.8,0
182.6,10.5,0
147.2,10.5,0
174.1,10.5,0
177.1,11.1,0
275.3,11.7,0
802,12.24,0
499,12.5,0
269.4,12.7,0
528.2,12.38,0
100.9,11.9,0
136.7,12.36,0
185.9,12.62,0
24.81,12.3,0
1.67,12.16,0
14.82,9.8,0
86.9,10.1,0
136.7,10.7,0
114.6,10.8,0
156.6,11.2,0
226.2,11.7,0
279.1,12.1,0
332.2,13,0
505.6,14.76,0
694.1,13.76,0
215.8,13.6,0
147.7,13.5,0
482.6,14.06,0
567.1,15.62,0
489,17.24,0
416.4,17.26,0
273.5,16.8,0
420.3,16.54,0
176,15.88,0
125.2,14.2,0
191.3,14.66,0
156.8,14.96,0
42.84,14.8,0
25.03,14.3,0
1.02,11.1,0
19.76,11.3,0
40.25,11.9,0
143.3,12.7,0
189.7,13.2,0
254.7,14,0
269.5,14.4,0
575,15.7,0
342.5,16.4,0
681,17.9,0
808,18.1,0
366.1,18.9,0
917,19.42,0
828,19.6,0
901,19.9,0
361.1,19.88,0
355.5,19.6,0
448.9,19.26,0
331.9,19.46,0
261.4,19.7,0
233.8,19.4,0
161,19.5,0
89.1,19.1,0
50.25,18.7,0
20.8,18.1,0
0.81,17.7,0
11.94,12.9,0
35.84,13.2,0
33.98,13.74,0
38.8,13.6,0
43.42,13.3,0
31.2,12.8,0
53.12,12.7,0
34.92,12.5,0
30.96,12.4,0
44.35,12.3,0
74.15,12.3,0
93.4,12.46,0
76.99,12.5,0
69.55,12.32,0
79.06,12.3,0
86.5,12.32,0
76.44,12.3,0
30.56,12.1,0
43.73,12,0
24.32,11.8,0
17.63,11.7,0
19.81,11.7,0
4.72,11.6,0
6.17,11.4,0
0.5,11.3,0
39.17,7.2,0
124.6,7.9,0
233,9.18,0
340.7,10.2,0
447,11.1,0
553.5,12.3,0
568.2,12.84,0
616.4,13.38,0
930,13.96,0
921,14.78,0
840,14.88,0
944,15.58,0
244.3,15.64,0
865,16.66,0
736.1,16.62,0
724.2,16.78,0
214.6,16.86,0
601.2,16.64,0
305.9,16.3,0
186.7,16.36,0
210.4,15.7,0
315.3,16.24,0
151.2,15.78,0
47.7,14.7,0
7.29,13.44,0
5.77,7.54,0
29.02,7.7,0
131.1,8.9,0
336.5,10.1,0
191,11.1,0
284.2,11.4,0
401.6,11.8,0
379.7,12.6,0
264.6,12.9,0
188.7,12.8,0
186.3,12.68,0
165.5,12.82,0
290.9,13.3,0
251.7,13.5,0
177.9,13.7,0
177.2,13.82,0
454.5,14.9,0
169.7,14.28,0
88,9.8,0
31.4,9,0
11.46,7.62,0
17.33,7.48,0
17.26,7.4,0
12.22,7.32,0
12.03,7.4,0
1.4,6.1,0
32.6,6.4,0
20.24,6.9,0
30.8,6.7,0
34.25,6.8,0
38.36,7.1,0
299,7.7,0
258.1,8,0
500.6,9.2,0
151.6,9.1,0
299.3,8.6,0
344.8,9.1,0
293.4,10.6,0
835,11.9,0
551.6,13.54,0
452.9,12.9,0
280.3,12.5,0
67.55,11.8,0
28.3,7.94,0
33.86,7.66,0
132,8.46,0
98.3,8.9,0
83.1,9,0
67.54,9.3,0
21.73,9,0
1.9,6.3,0
59.63,6.1,0
149.3,6.9,0
254.3,8.64,0
357.7,10,0
466.2,10.72,0
670.4,11.1,0
636,11.6,0
833,12.52,0
722.7,12.62,0
918,13.58,0
957,13.7,0
959,13.8,0
297,14.76,0
240.6,14.94,0
1001,15.6,0
668.2,15.28,0
756.3,15.4,0
670.6,16.08,0
591.1,15.8,0
502.8,15.6,0
406.7,15.9,0
304.5,15.9,0
203.2,15.5,0
104.9,15.1,0
15.88,14.36,0
6.75,7.7,0
54.22,7.9,0
140,9.2,0
308.7,11.1,0
305.2,12.6,0
463.5,13.52,0
563.2,14.3,0
677.6,15.18,0
739.1,16.76,0
712.9,16,0
714.1,16.9,0
760.1,16.8,0
401.9,17.32,0
632.7,17.7,0
803,17.38,0
910,18.18,0
273.4,17.6,0
728.2,18.28,0
657.9,18.34,0
547.3,18.36,0
444.1,18.66,0
275.9,18.1,0
173.6,17.5,0
160.4,17.6,0
45.52,17.48,0
1.9,8.44,0
18.6,9,0
47.44,9.5,0
33.65,10,0
53.44,10.2,0
42.45,10.2,0
109.7,9.9,0
172.1,10.12,0
440,11.04,0
410,12.5,0
597.9,13.2,0
441.5,14.2,0
349.9,13.8,0
559.8,14.56,0
430.2,15.62,0
545.8,15.88,0
556.7,15.4,0
437.4,16.3,0
397.8,15.86,0
732.4,16.62,0
138.9,14.9,0
276,14.6,0
375.5,15.1,0
241.4,14.8,0
113.8,14.1,0
16.48,13.1,0
5.09,3.4,0
110.4,4.26,0
199.7,6.74,0
298.5,9.7,0
400.8,11.4,0
498.8,11.8,0
588,13.04,0
669.4,14.1,0
739.6,14.24,0
798.3,15.44,0
842,16,0
874,16.28,0
886,17.66,0
874,18,0
867,18.72,0
835,19.2,0
782.5,19.4,0
722.5,20.08,0
646,20.2,0
561.6,20.4,0
479.4,20.8,0
354.5,20.7,0
267.1,20.4,0
168.6,20.1,0
62.65,19.8,0
4.17,19.08,0
35.94,7.86,0
132.5,9.1,0
240,11.24,0
332.9,13.2,0
429,14.2,0
523.9,15.88,0
611.3,17.1,0
687.4,18.4,0
755.2,19.06,0
810,19.84,0
850,20.88,0
874,21.8,0
882,22.6,0
875,23.42,0
851,24.6,0
812,26.14,0
759.6,26.24,0
700.3,25.56,0
629.1,25.9,0
542.6,25.4,0
425,25.7,0
333.4,25.3,0
269.5,25.32,0
188,25.02,0
85.2,24.5,0
3.84,12,0
51.41,12.4,0
143.6,13.92,0
246.9,16.24,0
349.8,18.5,0
449.2,20.1,0
542.1,20.92,0
627.6,21.9,0
705,23.28,0
768.1,23.6,0
822,23.98,0
859,23.8,0
881,24.8,0
886,26.18,0
875,25.9,0
851,26.6,0
808,26.5,0
757.2,26.32,0
683.1,27.26,0
607.1,26.3,0
520.5,26.94,0
427.9,26.5,0
328.9,26.26,0
228.5,26.32,0
132,26.2,0
41.05,24.7,0
4.15,13.5,0
43.35,13.1,0
139.3,13.62,0
203.3,15.8,0
364.2,18.16,0
456.3,19.3,0
563.6,21.24,0
644,23.44,0
670.4,23.82,0
763.8,24.86,0
827,25.5,0
800,25.7,0
792.2,27.46,0
866,28.1,0
835,28.04,0
674.9,29.2,0
823,30.2,0
763.1,29.44,0
647.8,30.4,0
509.1,29.68,0
470.2,29.54,0
345.2,29,0
272.7,29,0
173.5,28.7,0
129.5,27.54,0
26.46,26.22,0
4.56,11.8,0
59,12,0
166.4,13.46,0
278.5,15.6,0
329.4,17.4,0
441.8,18.06,0
560,19.16,0
678.1,20.02,0
701.8,21.86,0
786.7,22.1,0
835,22.86,0
871,23.42,0
885,25.26,0
889,24.66,0
869,25.92,0
815,26.6,0
762.2,26.8,0
774.9,28,0
700.3,27.26,0
587,27.7,0
255.4,26.9,0
206.1,25.5,0
375.5,26.5,0
67.13,25.88,0
67.55,24.5,0
49.68,23.2,0
6.76,10.2,0
77.87,10.6,0
173.2,12.66,0
276,14.12,0
380.9,16.28,0
481.4,18.02,0
573.1,20,0
657.2,21.56,0
732.5,22.7,0
798.4,24.02,0
851,24.7,0
885,25.9,0
900,26.7,0
904,27.4,0
892,27.96,0
866,28.44,0
829,28.7,0
769.2,28.86,0
700.8,29,0
623.6,29.8,0
531.3,29.5,0
434.2,29.84,0
342.8,28.6,0
209.4,28.22,0
58.44,27.2,0
36.17,24.84,0
3.84,11.2,0
39.39,11.6,0
63.35,12.3,0
88,13.34,0
343.1,14.58,0
464.5,19,0
441.6,19.84,0
480.5,20.22,0
486.3,21.4,0
437.6,22.1,0
778.7,23.5,0
918,24.8,0
915,25.46,0
914,26.6,0
748.7,27.66,0
757.7,28.1,0
619.6,27.26,0
487.8,27.5,0
477.1,27.16,0
417.9,27.88,0
349,27.4,0
241.6,27,0
186.8,24.4,0
143.2,23.4,0
84.9,22.5,0
39.66,21.3,0
2.97,8.56,0
45.19,8.7,0
133.7,9.64,0
234.4,10.7,0
227.9,11.7,0
194.2,12.2,0
372.9,12.74,0
419.4,13.4,0
778,14.2,0
837,15.16,0
742.8,16.66,0
852,17.98,0
879,19.24,0
886,20,0
880,19.96,0
860,20.9,0
822,21.78,0
776.9,22.36,0
714.2,21.8,0
635,22.8,0
551.9,22.4,0
459.2,22.16,0
361.2,21.94,0
263.7,21.8,0
168.1,21,0
75.91,19.86,0
7.05,17.78,0
9.81,10.4,0
36.87,10.5,0
66.78,10.8,0
160.6,11,0
224.3,12.16,0
363.7,12.96,0
629.6,14.22,0
542.1,16.42,0
751.9,15,0
834,16.52,0
872,17,0
905,18.7,0
918,19.74,0
913,20.8,0
896,22.68,0
861,24.06,0
810,26.1,0
751.6,26.5,0
678.7,26.94,0
600.3,27.04,0
509,26.94,0
411,26.6,0
310.8,26.3,0
211.5,25.8,0
113.2,25.4,0
26.11,24.42,0
2.6,8.3,0
91.8,9.1,0
183.4,11.52,0
290,13.5,0
400.3,15,0
490.3,16.82,0
522.3,16.9,0
678.9,19.06,0
729.8,20.42,0
798.2,20.22,0
851,20.92,0
883,21.9,0
908,22.8,0
911,23.6,0
903,23.36,0
869,24.18,0
829,25.2,0
784.2,25.56,0
709.9,25,0
629.6,25.32,0
555.6,25.18,0
455.6,24.7,0
346,24.56,0
186.9,23.9,0
123.7,23.8,0
66.08,22.48,0
0.78,20.74,0
46.06,9.8,0
140.7,11.26,0
242.1,13.06,0
344.5,14.46,0
445.9,15.66,0
543.5,16.9,0
631.2,18.64,0
711,19.72,0
782.7,19.86,0
836,21.3,0
877,21.34,0
913,23.42,0
881,24.26,0
915,23.2,0
896,24.24,0
861,25.66,0
873,27.4,0
522.9,27.46,0
675.9,27.7,0
592.4,28.34,0
485.7,27.84,0
396.6,27.5,0
296.6,27.2,0
189.5,27.1,0
77.14,26.2,0
19.15,25.2,0
3.41,9.7,0
89.7,10.9,0
181,13.1,0
281.5,15.4,0
390.4,16.36,0
490.7,18,0
560,19.5,0
658.9,20.4,0
732.7,21.74,0
807,22.86,0
825,23.7,0
865,24.5,0
819,24.5,0
939,25.22,0
873,25.72,0
943,26.28,0
508.7,26.3,0
859,26.86,0
780.8,26.9,0
568,26.8,0
294.3,26.3,0
429.2,26.1,0
365.1,26.86,0
252.1,26.52,0
155.4,26.8,0
62.3,25.5,0
2.86,24.1,0
32.34,11.26,0
124.1,12.54,0
224.4,15.5,0
324.5,17.9,0
424,19.4,0
518.4,20.9,0
607.8,21.18,0
595.5,22.1,0
752.8,22.4,0
814,23.7,0
860,24.1,0
895,25.44,0
919,26.78,0
913,27.38,0
878,27.46,0
862,28.4,0
809,28.2,0
751.9,27.82,0
662.8,28.66,0
600.2,28.42,0
501.1,28.54,0
416.3,27.62,0
314.6,27.3,0
215.5,26.2,0
103.1,24.22,0
10.09,22.5,0
3.84,10.1,0
67.75,11.08,0
150.8,13.1,0
222.8,14.2,0
348.3,15.88,0
444,17.2,0
531,18.5,0
620.1,19.42,0
698.9,20.2,0
753.7,21.2,0
817,22.24,0
853,22.98,0
893,23.5,0
906,24.36,0
815,25.38,0
813,25.6,0
730.2,25.6,0
808,26.8,0
712,26.5,0
394.2,26.3,0
566.3,27.22,0
454.3,26.94,0
359.6,27.04,0
303.3,27.26,0
159.8,25.16,0
90,22.88,0
10.61,21.24,0
3.41,9.3,0
69.73,9.5,0
164.1,10.5,0
260.8,11.6,0
361.9,12.46,0
463.1,13.58,0
538.1,14.9,0
643.2,15.54,0
733.2,16.54,0
777.2,17.68,0
818,18.9,0
756.6,19.2,0
913,20.42,0
922,21.2,0
914,21.5,0
887,22.6,0
853,23.32,0
798.8,23.54,0
735.8,23.88,0
649.6,24.6,0
563.4,23.96,0
470.8,24.26,0
372.9,23.3,0
276.6,22.66,0
177.3,21.96,0
74.66,20.82,0
11.2,18.94,0
9.48,9.9,0
95.8,10.5,0
176.5,11.86,0
242.2,14,0
395.1,15.14,0
490.7,16.2,0
586.1,17.84,0
679.7,19.56,0
725.8,20.56,0
871,21.6,0
881,22.1,0
894,22.72,0
919,23.38,0
907,23.6,0
902,25.24,0
882,25.98,0
839,26.42,0
783.7,27.16,0
715.1,27.5,0
633.4,28,0
549.2,28.6,0
460,28.7,0
359.5,28.8,0
259.1,27.7,0
160.2,27.5,0
65.92,26.46,0
4.32,23.86,0
16.52,12.9,0
53.34,13.3,0
85.7,14,0
174,14.7,0
430.6,17.76,0
513.2,19.82,0
521.7,20.6,0
661.8,21.9,0
746.7,22.56,0
557.9,23.2,0
641.1,23.22,0
508.2,23.5,0
557.8,23.04,0
415.7,23.42,0
346,23.3,0
171,22.48,0
351.6,22.94,0
311.3,23,0
216,23.3,0
249.2,23.4,0
196.8,23.1,0
338,23,0
171.9,24.2,0
125.3,23.2,0
132.9,22.9,0
54.5,22.12,0
1.09,20.44,0
7.48,9.9,0
107.5,9.8,0
184.3,9.9,0
323.8,10.36,0
428.5,11.22,0
336.2,12.28,0
142.2,12.28,0
569.2,13.62,0
874,14.5,0
1031,14.8,0
489.1,16.36,0
795.5,17.56,0
1026,18.18,0
214.9,16.3,0
1127,18.84,0
515.7,18.28,0
944,20.36,0
148.4,19.44,0
150.2,18.02,0
151.7,18.58,0
696.7,19.2,0
552.3,18.94,0
511.9,19.14,0
315.9,18.4,0
157.4,17.9,0
39.16,16.6,0
4.92,15.02,0
22.17,5.06,0
116.6,6.4,0
215,9.16,0
284.6,10.7,0
409.2,11.9,0
506.2,13.3,0
558.9,14.08,0
683.2,15.1,0
757.9,16.4,0
822,17.3,0
871,18,0
917,18.5,0
941,19.42,0
928,20.24,0
921,20.6,0
909,20.46,0
871,20.72,0
814,21.7,0
731.4,21.9,0
662.5,21.2,0
549,21.7,0
475.6,21.4,0
291.3,21.7,0
287.7,21.28,0
174,20.78,0
66.55,20.2,0
8.48,19.6,0
7.69,8.7,0
72.92,9.2,0
57.87,10.7,0
182.2,11.7,0
189,12.8,0
456.2,13.9,0
539.2,14.7,0
600.7,16.12,0
636,16.36,0
628.7,18,0
620.9,17.2,0
533.4,17.52,0
675,20.02,0
606.2,18.84,0
551.8,20.52,0
1073,20.44,0
502.3,21.64,0
811,22.12,0
736.8,21.86,0
663.8,22.34,0
373.8,23.16,0
258.2,21.6,0
180.1,21,0
120.8,20.6,0
62.96,19.52,0
17.89,18.4,0
9.87,17.5,0
3.23,12.3,0
21.01,12.2,0
32.11,12.3,0
43.96,12.3,0
74.16,12.1,0
68.26,12,0
94.3,11.5,0
117.3,11.7,0
148.7,12.1,0
111.7,12,0
84.8,10.54,0
48.01,10.5,0
76.84,10.7,0
159.1,10.3,0
152.8,10.76,0
40.6,10.74,0
123.8,9.86,0
257.5,11.1,0
44.01,10.9,0
281.6,11.2,0
189.5,11.3,0
26.78,10.7,0
39.43,10.5,0
192.1,9.5,0
130.7,10,0
36.87,9.88,0
13.88,9.6,0
3.08,6.52,0
28.79,6.8,0
81.3,7.4,0
110.9,8.2,0
196.9,8.8,0
259.9,9.84,0
818,12.36,0
235.8,12.42,0
411.7,12.9,0
781.7,14.24,0
340.5,13.72,0
732.8,14.8,0
675.3,15.82,0
396.4,15.9,0
862,16.74,0
1173,17.54,0
894,15.96,0
421.3,16.02,0
240.7,16.52,0
329,16.78,0
521.5,17.24,0
306.1,16.8,0
253,16.9,0
194.9,16.56,0
102.1,16,0
60.21,15.54,0
55.26,14,0
1.91,13.4,0
7.19,9.3,0
79.1,9.7,0
72.34,10.3,0
131.8,10.6,0
151.6,10.8,0
232.8,11.5,0
335.2,12.3,0
411,13.16,0
555.6,13.3,0
614.6,15.12,0
546.3,14.78,0
495.1,15.98,0
398.1,15.7,0
693.9,16.32,0
571.5,18.1,0
1153,18.7,0
409.1,19,0
907,19.18,0
270.1,18.44,0
747.3,18.52,0
507.3,19.5,0
474.3,19.32,0
410.3,19.3,0
349.1,19.2,0
147.7,18.1,0
112.2,18.3,0
18.25,17,0
7.22,7.76,0
76.08,9.18,0
167.9,10.9,0
259.1,12.26,0
367.7,12.8,0
466.2,14.02,0
560.7,15.4,0
646.2,16.22,0
725.3,17,0
794.1,17.78,0
853,17.9,0
896,18.76,0
926,19.82,0
945,20.5,0
942,21.72,0
927,22.04,0
900,22.16,0
852,23.18,0
791.8,23.3,0
715.6,23.5,0
634.6,23.8,0
549,24.3,0
454.5,23.7,0
357.2,23.7,0
257,23.6,0
159.2,23.24,0
67.56,22.66,0
3.04,21.6,0
14.5,10.1,0
125.2,10.88,0
225.3,13,0
329.6,13.3,0
432.4,15.16,0
530.6,16.52,0
621.8,18.4,0
705.6,19.56,0
776.6,21.1,0
845,22.34,0
899,24,0
937,23.66,0
959,24.78,0
963,26.7,0
953,26.32,0
928,27.26,0
887,27.76,0
831,27.8,0
767.3,28.2,0
679.5,29.04,0
601.8,28.7,0
508.3,28.84,0
410.4,28.8,0
305.1,28.24,0
190.2,27.66,0
52.34,25.92,0
30.09,24.4,0
6.61,11.9,0
68.84,12.7,0
165.1,15.4,0
250.3,17.72,0
366,21.1,0
470.3,23.08,0
562.3,24.5,0
649.1,25.14,0
729.6,26,0
801,27.88,0
867,28.5,0
919,28.74,0
940,31,0
956,31,0
962,31.12,0
949,31.92,0
916,31.04,0
875,32.6,0
799.1,32.08,0
738.7,32.06,0
642.5,31.2,0
555.8,31.76,0
473,31.76,0
355.4,30.7,0
237.5,30.24,0
114.4,29.3,0
58.6,28.1,0
11.65,26.44,0
11.75,15.9,0
111.4,15.1,0
190.2,17.22,0
263.9,19.54,0
404.7,22.26,0
508.4,24,0
599.9,25,0
553.3,26.1,0
587.6,26.9,0
774.2,28.3,0
883,29.44,0
932,29.96,0
964,30.68,0
939,31.42,0
938,32.84,0
919,32.9,0
750.2,33.48,0
813,33.8,0
685.2,34,0
759.3,34.26,0
454.1,33.58,0
330.1,33.16,0
482.9,33.6,0
162.1,32.38,0
305.1,32.6,0
146.5,32.1,0
60.18,30.9,0
2.29,27.5,0
28.01,12.8,0
142.1,13.8,0
243.2,16.2,0
372.7,19.12,0
421.8,21,0
550.4,21.5,0
617.6,23.5,0
659.7,24.8,0
819,26.4,0
778,26.4,0
924,27.04,0
965,27.5,0
594.6,29.68,0
660.8,29.68,0
968,30.54,0
739.8,29.9,0
718.7,30.4,0
821,30.52,0
544.6,30.8,0
693.6,31.06,0
406.1,30.54,0
479.4,30.36,0
489,30.48,0
334.1,30.16,0
283.7,29.4,0
144.5,27.96,0
23.58,25.68,0
2.36,11.54,0
55.42,11.5,0
142.4,12.8,0
256,14.48,0
337.9,16.1,0
445,16.9,0
545.7,17.4,0
574.3,18.3,0
698.8,18.94,0
809,20.64,0
840,20.2,0
909,20.98,0
939,22.72,0
957,23,0
967,23.4,0
957,23.48,0
925,23.7,0
863,23.6,0
820,23.78,0
757.2,24.3,0
679.6,23.5,0
595.9,23.2,0
485.4,23,0
396.2,22.4,0
315.3,21.9,0
203.6,20.8,0
90.4,19.22,0
21.83,17.8,0
5.07,10.16,0
42.74,10.5,0
91.9,11.1,0
145.6,12.1,0
251.6,12.9,0
428.2,13.88,0
602.1,15.16,0
550.1,15.94,0
695.2,17.16,0
732.6,18.76,0
747.4,18.58,0
892,19.5,0
702.5,19.62,0
877,20.28,0
929,21.12,0
969,22.12,0
832,22,0
680.6,22.54,0
677.3,23.62,0
585,23.64,0
544.2,23.64,0
362.7,22.54,0
327.4,22.9,0
282.6,22.8,0
300.4,22.1,0
157.6,21.5,0
57.68,20.32,0
23.86,18.8,0
9.87,11.1,0
46.45,11.2,0
109.1,11.6,0
179.1,12.8,0
252.7,13.04,0
302.1,13.5,0
368.4,14.68,0
630.6,15.8,0
759.2,16.74,0
274.6,17.3,0
1010,17.8,0
988,18.8,0
1054,19.88,0
218,20.38,0
280.1,20.04,0
462.5,20.8,0
272,19.8,0
494.3,20.46,0
289.3,21.78,0
352.9,20.8,0
234.4,21.74,0
397.8,20.18,0
587.4,21.7,0
74.76,19.18,0
79.94,18.5,0
263,19.5,0
19.1,17.5,0
6.91,17.02,0
1.41,11.1,0
20.5,10.9,0
95.6,11.5,0
203.3,12.3,0
192,12.5,0
276.2,13.76,0
160.4,13.6,0
697.6,14.24,0
317.9,16.9,0
216.7,16.82,0
171.7,17.4,0
982,19.2,0
1017,20.2,0
981,20.4,0
1037,20.16,0
956,20.6,0
921,21.2,0
571.2,22.24,0
827,22.56,0
756.1,23,0
675.6,23.34,0
590,23.1,0
497.5,22.8,0
393.4,22.8,0
295,22.8,0
198.6,22.9,0
105.4,22.4,0
28.24,21.7,0
7.63,9.2,0
56.42,9.5,0
140.9,10,0
245.9,11.32,0
348,12.4,0
446.2,13.8,0
538.8,14.7,0
625.7,15.78,0
717.6,16.4,0
789.5,17.54,0
853,18.14,0
892,18.8,0
930,19.8,0
943,20.66,0
964,21.42,0
949,22.86,0
917,23.18,0
851,24.22,0
857,24.42,0
765.1,24.04,0
711.3,23.86,0
575,24.6,0
518,23.4,0
373.2,23.3,0
250.2,23.1,0
173.6,22.28,0
57.96,20.72,0
27.04,19.4,0
4.71,12.3,0
37.49,12.1,0
57.08,11.5,0
120.6,11.9,0
112.9,12.4,0
181.9,13.2,0
240,14.7,0
483.8,16.5,0
598.4,16.54,0
553.4,17.9,0
644.8,18.7,0
834,18.7,0
807,19.42,0
672.7,20.08,0
511.8,20.2,0
729.2,20.26,0
434.3,20.2,0
286.7,19.3,0
256.8,19.16,0
460.1,19.8,0
255.2,19.34,0
206.4,19.2,0
153.5,19.3,0
174.8,19.6,0
209.5,19.14,0
156.6,18.88,0
76.42,18.1,0
10.88,17.6,0
0.28,16.9,0
21.94,13.2,0
84.1,13.4,0
66.08,13.9,0
151.3,14,0
201.7,14.7,0
326.6,15.5,0
173.5,16.34,0
862,17.34,0
888,18.1,0
931,18.62,0
924,19.92,0
426.3,20.78,0
1045,21.6,0
1025,22.04,0
1129,22.76,0
1092,23.4,0
1009,24.4,0
954,22.88,0
689.9,23.64,0
654.4,24.4,0
592.7,24,0
543.5,23.36,0
447.8,24.2,0
353.4,23.7,0
255.2,23.12,0
155,21.5,0
69.34,20.06,0
5.96,18.3,0
12.23,8.1,0
101.3,8.6,0
195.1,10.8,0
298,12.2,0
400.1,13.3,0
499.3,14.8,0
592.7,15.18,0
681,15.88,0
763,17.22,0
831,17.3,0
890,18.5,0
931,18.84,0
951,19.54,0
978,20.18,0
976,20.2,0
969,21,0
934,21.84,0
883,21.18,0
833,22.14,0
792.9,22.42,0
229.2,22.58,0
607.1,21.86,0
500.3,21.5,0
396.3,21.3,0
294.1,21,0
199.4,20.7,0
106,20.2,0
25.83,19.5,0
6.33,12,0
85.6,11.6,0
177.2,13.1,0
281.6,14.2,0
385.7,14.8,0
484.9,15.92,0
581.8,16.7,0
672.1,17.84,0
753.3,18.88,0
824,19.58,0
889,20.42,0
937,21.2,0
967,21.9,0
985,22.48,0
989,23.2,0
980,23.5,0
955,23.9,0
913,24.48,0
858,25.34,0
789.8,25.68,0
724.4,26.28,0
626.2,26.12,0
513.7,26.6,0
435.2,26.2,0
338.4,26.2,0
239.2,26,0
137.2,25.1,0
50.74,24.5,0
2.6,23.3,0
21.16,12.28,0
130.5,11.7,0
232.7,13.82,0
338.4,17.2,0
435.6,18.26,0
533.4,19.64,0
625.5,21.54,0
711.5,22.34,0
787.2,23.94,0
856,24.82,0
907,25.32,0
949,26.38,0
974,27.2,0
985,28.7,0
990,28.62,0
968,29.8,0
938,29.68,0
715.2,30.38,0
862,30.12,0
654.8,31.1,0
658.5,30.74,0
565.5,30.6,0
474.6,30.3,0
381.1,30.68,0
283.8,30.08,0
165.9,29.1,0
57.93,28.02,0
14.16,26.22,0
4.43,10.72,0
82.8,12.1,0
150.6,15.64,0
288.7,17.96,0
419.7,21.14,0
370.2,22.22,0
542.1,23.1,0
643.5,25.18,0
729.7,25.9,0
826,27.56,0
890,28,0
874,29.16,0
957,30.3,0
935,30.16,0
976,31.64,0
964,31.38,0
939,32.34,0
894,32.52,0
841,33.02,0
779.1,33.1,0
680.4,33.54,0
626.6,33.92,0
477.6,33.78,0
409.9,33.54,0
321.4,33.82,0
218.5,33.76,0
132.4,32.7,0
48.85,31.2,0
3.84,16.4,0
25.78,16.42,0
120.6,17.2,0
219.3,19.3,0
319.2,21.84,0
419.2,23.38,0
515.6,25,0
607.2,26.5,0
693.3,27.7,0
772.2,28.7,0
839,29.58,0
893,30.2,0
931,31.5,0
957,31.94,0
967,32.76,0
962,33.56,0
940,33.72,0
910,34.2,0
858,34.9,0
805,35.12,0
738.2,34.92,0
659.5,35.4,0
567.6,35.52,0
465.7,35.4,0
289.3,35,0
281.2,34.7,0
183.5,34.54,0
101.1,33.6,0
14.67,31.14,0
2.78,17.1,0
68.21,17,0
175.6,17.9,0
239.2,20.88,0
372.6,24.22,0
487.6,26.62,0
590.8,27.18,0
677.1,28.2,0
657,29.7,0
854,31.16,0
886,32.3,0
925,33.44,0
924,33.68,0
982,34.5,0
868,35,0
960,36.14,0
956,36.54,0
754,35.82,0
619.9,35.9,0
726.6,35.6,0
664.3,35.8,0
400.5,35,0
374.2,34.3,0
359.6,33.9,0
314.2,34,0
205,33.4,0
62.5,32.3,0
31.37,30.72,0
2.06,28.74,0
20.33,14.3,0
80,15.6,0
142.2,16.72,0
212.9,18.7,0
352,19.9,0
508,21.94,0
605.1,24,0
699,24.2,0
629.5,25.68,0
821,26.6,0
919,28.2,0
926,28.6,0
1017,29.4,0
990,31.42,0
1005,31.46,0
987,32.48,0
958,32.2,0
912,32.76,0
844,32.3,0
770.9,32.98,0
698,33.3,0
604.4,33.3,0
510.4,33,0
413.2,32.3,0
316.9,31.9,0
221.7,30.24,0
107.5,28.64,0
49.77,26.8,0
1.64,13.9,0
29.06,14.2,0
50.95,14.74,0
196.2,15.3,0
377.5,16.9,0
244.2,16.8,0
249.3,17,0
351.4,17.8,0
508.8,19.04,0
764.5,20.94,0
709.1,22,0
878,23.34,0
1100,23.7,0
1047,23.6,0
668.6,24.76,0
982,25.6,0
943,26.04,0
895,27,0
776.3,27.42,0
821,28.2,0
624.2,27.94,0
679.1,27.44,0
401.8,27.36,0
402.5,27.5,0
434.7,27.5,0
317.5,26.3,0
218.7,25.16,0
91.4,23.92,0
25.49,22.1,0
4.71,12.8,0
41.41,12.8,0
127.5,13.4,0
185.8,14.5,0
277.6,15.78,0
306,16.5,0
378.9,16.9,0
423.6,17.72,0
710.5,18.6,0
811,20.1,0
861,20.9,0
909,21.3,0
942,22.86,0
967,23.42,0
975,23.98,0
967,24.7,0
947,25.6,0
916,25.9,0
865,25.96,0
806,26.2,0
139.2,26.92,0
711.4,26.3,0
577.1,25.5,0
465.7,25.76,0
358.9,25,0
260.7,24.4,0
166.1,23.14,0
76.99,21.8,0
12.59,20.2,0
2.91,11.9,0
40.98,12.2,0
85.7,12.8,0
108.7,13.1,0
158,13.4,0
198.5,13.9,0
269.9,14.64,0
555.9,16.02,0
661.4,16.26,0
694.6,17.74,0
779.5,18.7,0
898,20.3,0
805,20.3,0
820,20.72,0
973,22.04,0
960,22.56,0
940,23.32,0
897,23.4,0
854,24.66,0
852,24.6,0
438.8,23.7,0
312.1,21.86,0
304.2,21.4,0
319.6,21.62,0
90.4,20.04,0
80.4,19.84,0
165,18.7,0
94.9,18.2,0
13.32,17.04,0
7.51,10.14,0
34.45,10.9,0
21.99,11.6,0
85,12.2,0
206.5,12.5,0
341.6,14.04,0
346,14.4,0
162.2,15.2,0
220.8,15.24,0
307.4,16.4,0
238.9,16.6,0
309.2,16.9,0
429.6,17.8,0
590.2,18.54,0
435.5,19.12,0
431.2,19.8,0
446.2,19.42,0
975,20.32,0
439.8,21.2,0
408,21.28,0
450.2,22.4,0
300.8,22.1,0
226.1,22,0
188.3,22,0
55.03,20.8,0
122.3,20.3,0
16.91,20.2,0
77.88,17.52,0
4.59,16.9,0
11.24,9.1,0
95.1,10.2,0
178.5,12.5,0
276.5,14.7,0
374.7,15.42,0
472.4,16.5,0
564.5,17.32,0
650.8,17.9,0
732.5,19.86,0
803,21.26,0
858,21.66,0
902,22.3,0
931,23,0
954,23.5,0
956,24.48,0
946,24.86,0
929,25.42,0
849,27.6,0
828,27.7,0
773.1,27.5,0
699.6,28.3,0
610.9,28.4,0
527.6,28.8,0
548.3,29.5,0
494.3,28.48,0
75.53,24.96,0
34.99,23.78,0
30.1,22.6,0
4.14,21.3,0
13.76,11.3,0
98.1,12.2,0
190.3,14.04,0
285.3,14.9,0
386.2,16.06,0
484,17.12,0
576.4,18.24,0
660.6,19.7,0
741.7,20.4,0
815,21.76,0
867,23.04,0
915,23.94,0
946,24.92,0
965,26.7,0
968,27.4,0
957,27.88,0
930,28.9,0
897,28.88,0
882,30.2,0
789.3,30.68,0
693,30.3,0
599.5,30.22,0
514.3,30.68,0
411.9,30.6,0
323.5,30.8,0
232.5,30.2,0
142,29.76,0
60.85,28,0
3.52,26.1,0
20.52,12.5,0
51.18,12.9,0
167,13.8,0
293.9,15.2,0
426.1,16.4,0
526.9,18.1,0
681.9,19.6,0
491.9,20.2,0
759.5,22.04,0
822,23.72,0
874,25.14,0
914,26.48,0
961,27.16,0
987,28.66,0
990,28.82,0
957,29.78,0
926,30.12,0
895,31.62,0
832,32.76,0
772.6,32.4,0
704.8,33.18,0
610.2,33.42,0
510.8,32.84,0
486.9,32.2,0
306.8,32.44,0
88.3,30.86,0
186.2,31.06,0
35.11,29.5,0
4.71,27.54,0
13.57,15.5,0
65.3,15.6,0
171.1,17,0
243.7,19,0
366.1,20.22,0
463,21.24,0
537,22.82,0
636.3,24.16,0
717.8,25.36,0
737.2,26.9,0
761.7,27.56,0
880,28.36,0
895,29.64,0
953,29.9,0
949,30.76,0
949,31.08,0
903,31.9,0
884,32.4,0
813,33.32,0
774.2,33.46,0
693,32.92,0
616.9,32.8,0
497.8,32.54,0
410.4,33.4,0
351,32.9,0
251.6,33.06,0
159.7,32.18,0
78.08,30,0
11.1,28.1,0
10.64,14.3,0
109.1,15.1,0
177.9,16.86,0
215.9,17.78,0
261.6,19.6,0
425.2,21,0
528.9,23.58,0
567.4,25.28,0
762.9,25.92,0
785.6,27.6,0
866,28.32,0
894,28.9,0
940,29.88,0
962,31.2,0
970,31.92,0
962,32.88,0
944,33.8,0
912,34.5,0
873,35.58,0
798.3,35.5,0
735.4,35.3,0
628.5,35.6,0
592.8,35.9,0
472.4,35.6,0
385.7,35.5,0
262.1,35.2,0
181.6,34.7,0
92.9,32.26,0
18.31,30.34,0
5.82,15.5,0
72.26,15.8,0
155.7,17.12,0
253,18.94,0
349.6,20.6,0
446.7,22.1,0
540.7,24.3,0
629,25.2,0
716.6,26.1,0
795,27.52,0
858,28.5,0
910,29.38,0
949,29.6,0
976,31.14,0
988,31.64,0
981,32.6,0
961,33.18,0
923,33.34,0
876,33.8,0
813,34.2,0
739.7,34.2,0
661.6,33.84,0
577.3,34.74,0
484.5,34.76,0
389.6,33.84,0
294.7,33.2,0
201.9,31.14,0
112.9,29.76,0
32.44,28.3,0
4.82,12.84,0
58.8,13.6,0
146.1,15.2,0
244.5,17.1,0
342.4,17.9,0
439.8,18.6,0
535.7,19.68,0
624,20.56,0
709.4,21.78,0
784.7,22.6,0
851,24.2,0
905,25.64,0
951,26.84,0
979,27.72,0
993,28.3,0
993,28.92,0
974,30.56,0
947,30.48,0
902,31.34,0
841,31.26,0
767.7,31.6,0
688.2,31.4,0
607.2,31.14,0
525.3,31.72,0
422.8,31.38,0
326.7,31.7,0
225.6,31.4,0
129.8,29,0
35.69,27.26,0
0.86,25.38,0
25.94,9.46,0
111.1,12.7,0
211.6,14.5,0
313.6,15.48,0
416.1,17,0
513.1,17.64,0
608.6,18.38,0
699.8,19.44,0
783.6,20.5,0
855,21.2,0
917,22.06,0
966,22.44,0
1001,23.36,0
1025,24.34,0
1029,25.1,0
1008,25.4,0
982,25.4,0
937,26.48,0
884,26,0
826,26,0
744,25.9,0
656,26.2,0
558.4,26.2,0
465.4,26.28,0
370.4,26.1,0
263.4,25.9,0
163.2,25.5,0
69.98,24.7,0
8.64,23.88,0
10.14,7.8,0
98.5,8.94,0
182.5,11.58,0
282.5,13.82,0
385.1,16.8,0
486.4,17.6,0
580,19.18,0
670.4,20.18,0
753,21.42,0
826,22.24,0
892,23.86,0
938,25.16,0
976,26.46,0
999,26.7,0
1005,27.5,0
1002,28.68,0
977,29.22,0
936,28.94,0
886,29.9,0
824,29.44,0
744,29.9,0
663.3,29.9,0
579.4,30.02,0
483.6,30,0
389.9,30.38,0
294,29.8,0
212.3,29.3,0
89.8,28.3,0
29.28,26.34,0
11.26,11.48,0
72.53,11,0
150.2,13.66,0
178.1,15.5,0
294.8,16.7,0
424.9,18.3,0
457.8,19.7,0
556.3,21.12,0
653.2,22.78,0
783.8,24.6,0
775.8,25.1,0
894,25.76,0
877,27.18,0
540.7,27.12,0
1006,26.32,0
1016,28.3,0
1101,29.2,0
982,28.98,0
916,29.1,0
849,28.52,0
784.2,28.72,0
699.9,29.7,0
617.8,29.4,0
493.1,28.74,0
435.4,28.2,0
323.8,27.8,0
221.5,26.6,0
126.1,24.9,0
42.44,23,0
1.44,20.94,0
21.68,8.6,0
105,9.6,0
195.2,10.7,0
292.9,12.02,0
395.9,13.58,0
490.3,14.1,0
586.2,15.72,0
673,17.76,0
749.9,19.1,0
826,20.34,0
887,21.6,0
932,23.1,0
970,24.28,0
987,25.88,0
988,27.02,0
982,27.8,0
957,28.32,0
922,28.68,0
870,29.84,0
798.1,30.2,0
723.8,31,0
649,30.96,0
552.4,31.02,0
460,31.1,0
366,30.1,0
270.5,30,0
169.9,29.6,0
78.74,28.6,0
14.47,26.78,0
3.53,10.1,0
78.94,12,0
164.8,12.76,0
261,17,0
361.2,19,0
460,20.1,0
553.5,22.9,0
640.5,23.18,0
722.9,25.22,0
801,26,0
866,27.4,0
921,28,0
963,29,0
989,30.08,0
999,30.9,0
995,32.1,0
970,32.46,0
945,32.8,0
889,33.7,0
835,33.26,0
765.5,32.82,0
680.1,33.7,0
590.8,33.3,0
503,33.9,0
402.2,32.7,0
309.2,32.68,0
214.5,32,0
125.7,30.8,0
44.76,29.6,0
3.84,12.5,0
24.5,12.2,0
119.5,13.66,0
213.5,15.3,0
311.8,17.1,0
407.6,17.58,0
504,18.88,0
592.8,19.56,0
678.6,20.96,0
755.8,22.38,0
823,23.68,0
881,24.66,0
929,25.3,0
960,25.72,0
976,26.36,0
977,27.72,0
967,27.8,0
940,28.6,0
901,29.52,0
847,29.54,0
781,28.68,0
706.2,28.4,0
623.3,28.96,0
536.5,28.1,0
443.3,27.64,0
351,27,0
259.1,26,0
166.2,24.6,0
77.89,22.9,0
11.64,21.06,0
2.82,9.2,0
28.21,9.9,0
67.62,10.8,0
169.8,11.3,0
358.7,12.7,0
452.9,13.92,0
548.5,15.94,0
635.8,17.2,0
716.8,19.66,0
792.9,20.46,0
856,21.8,0
910,23.3,0
950,24.78,0
977,25.82,0
988,26.4,0
985,27.82,0
965,27.84,0
932,29.5,0
881,29.5,0
821,30,0
755.4,30.02,0
673.5,30.64,0
587.5,31,0
500.3,31.12,0
403.7,30.8,0
307.8,30.9,0
215.7,29.9,0
124.2,28.88,0
42.98,27.5,0
3.59,11.4,0
21.41,11.76,0
120.3,14.1,0
213.2,16.9,0
310.4,17.8,0
408.3,19.08,0
505.2,20.9,0
597,22.2,0
683.6,23.6,0
762,25.1,0
832,26.1,0
890,27.9,0
936,28.4,0
968,29.5,0
989,30.72,0
995,31.3,0
982,32.66,0
961,33.42,0
914,34.26,0
863,34.22,0
802,34.62,0
725.3,34.96,0
630.9,35.36,0
547.4,35.04,0
451.3,34.8,0
356.1,35.2,0
259.2,35.1,0
165,33.7,0
81.2,32.2,0
16.17,30.1,0
2.87,16.2,0
71.58,16,0
152.3,17.52,0
247.3,19.5,0
344.9,21.1,0
440.4,23.3,0
533.7,24.96,0
620.1,26.06,0
703.3,26.78,0
778.3,27.82,0
845,29.1,0
897,30.38,0
936,31.22,0
963,32.08,0
975,32.54,0
969,34.12,0
953,34.72,0
924,34.66,0
878,35.06,0
821,35.78,0
748.3,35.34,0
662.2,35.52,0
579,35.7,0
493.1,35.9,0
402.9,34.64,0
311.3,33.68,0
220.9,32.6,0
131.2,31.62,0
50.09,28.94,0
1.95,26.54,0
16.7,15.1,0
99.6,15.94,0
188.7,17.1,0
283.3,18.4,0
380.7,19.14,0
475,20.4,0
566.7,22.56,0
654.2,23.9,0
737.2,24.78,0
801,25.4,0
863,27.54,0
908,29,0
939,29.16,0
962,30.4,0
970,31.86,0
960,32.38,0
938,33.24,0
902,33.08,0
853,33.46,0
790.3,34.66,0
718.6,35.04,0
634.1,34.66,0
552.7,35.4,0
457,34,0
363,34.7,0
269.7,33.58,0
179.7,32.1,0
94.3,30.4,0
23.57,28.3,0
5.53,13.2,0
49.29,13.3,0
129.5,14.2,0
221.6,15.4,0
319.2,16.8,0
415.9,17.92,0
511.4,19.78,0
601.1,21.22,0
686.5,23.14,0
762.3,24.9,0
831,26.46,0
887,28.86,0
931,29.8,0
963,30.12,0
977,31.1,0
983,31.8,0
970,33.3,0
942,34.82,0
900,34.22,0
840,35.18,0
774.3,35.84,0
698.4,35.84,0
611.9,36.4,0
525.1,36.9,0
435.7,36.6,0
339.3,36.3,0
239.1,35.3,0
146.7,34.4,0
65.18,32.9,0
7.31,30.86,0
6.99,17.36,0
77.66,17.66,0
162.4,19.74,0
263.6,22.52,0
362.2,25.02,0
456.6,25.4,0
551.4,27,0
636.8,28.18,0
718.2,29.28,0
792.4,31.1,0
856,32.66,0
908,33.3,0
947,35,0
968,36,0
983,37.3,0
978,37.84,0
959,38.12,0
925,38.84,0
879,39.2,0
824,39.22,0
752,39.6,0
670.3,39.4,0
584.5,39.4,0
494.5,38.86,0
397.7,38.6,0
302.6,38.4,0
211,37.9,0
121,37.4,0
44.19,36.34,0
3.92,33.04,0
18.69,18.3,0
111,20,0
201.5,22.62,0
294.7,25.2,0
393.5,26.14,0
488.4,28.3,0
580.5,30.06,0
668.1,31.9,0
745.1,34,0
820,34.7,0
881,36.14,0
929,36.48,0
969,37.48,0
994,39.04,0
992,39.44,0
982,39.8,0
957,40.54,0
908,40.4,0
864,40.18,0
803,40.66,0
732.4,40.16,0
647.1,40.5,0
559.9,40.42,0
473.5,39.8,0
375.2,39.7,0
290.8,39.4,0
196.5,39,0
96.1,38.32,0
23.59,36.7,0
6.29,18,0
51.82,18.8,0
130.7,19.82,0
225.4,22.3,0
322.5,25.06,0
414.5,26.82,0
509.1,28.9,0
599.2,29.56,0
683.8,30.3,0
760.2,31.6,0
828,32.4,0
885,34,0
926,35,0
957,35.06,0
976,35.48,0
974,36.32,0
962,37.32,0
933,37.4,0
897,38.1,0
844,38,0
778.3,38.6,0
702.9,38.7,0
614.4,38.7,0
529.7,38.9,0
438.5,38.64,0
343.8,38.7,0
245,34.66,0
155,31.14,0
68.72,29.06,0
11.11,26.58,0
4.52,13.54,0
81,14,0
161.6,14.88,0
257,15.6,0
354.9,17.14,0
450.2,17.76,0
538.8,18.76,0
626.9,19.68,0
707.7,20.72,0
780.9,21.78,0
846,23.02,0
897,24.18,0
937,25.12,0
960,25.92,0
974,26.78,0
969,28.1,0
947,28.46,0
917,28.8,0
873,29.88,0
815,29.4,0
750.7,30.3,0
673.6,30.34,0
590.4,30.42,0
502.4,29.7,0
409.2,28.6,0
316,27.8,0
223.8,26.62,0
134.4,25.7,0
53.93,23.92,0
2.26,21.38,0
10.54,10.9,0
105.8,11.4,0
195.3,12.28,0
237.5,13.74,0
393.5,14.34,0
486,15.88,0
580.2,16.4,0
664.6,17.5,0
744.3,18.5,0
818,19.3,0
881,21,0
930,22.04,0
966,22.88,0
990,23.62,0
998,24.68,0
996,26.52,0
977,26.8,0
937,28.16,0
890,28.24,0
830,29.1,0
757.5,29.18,0
676.8,29.7,0
587.1,29.86,0
496.3,28.98,0
398.3,28.1,0
302.1,27.4,0
209.9,26.02,0
119.5,24.26,0
33.83,22.5,0
3.38,11.4,0
42.13,11.3,0
128,12.1,0
222,13.7,0
318.1,15.5,0
415.6,16.72,0
509.2,18.4,0
598.8,19.42,0
685.4,21.04,0
764,23.04,0
832,23.9,0
886,24.4,0
932,24.7,0
968,25.7,0
992,25.9,0
997,27.26,0
999,27.86,0
972,28.26,0
929,28.46,0
883,28.9,0
814,29.6,0
741.6,29.2,0
655.8,29.28,0
568.7,29.16,0
470.7,29.2,0
376.5,29.5,0
275.6,29.1,0
183.1,28.84,0
94.8,28.2,0
21.9,27.3,0
7.42,12.4,0
70.4,12.7,0
152.4,14.74,0
248.7,18,0
342.4,19.28,0
445.8,20.8,0
513,21.18,0
554.6,22.1,0
734.1,22.94,0
727.2,24.5,0
716.9,25.3,0
826,25.62,0
685.2,26.9,0
970,28.36,0
547.2,27.5,0
491.9,27.8,0
623.6,28.3,0
508.9,29.1,0
508.5,29.1,0
430.8,29.1,0
496.4,28.98,0
716,30.2,0
678,31.02,0
571.6,30.9,0
448.8,30.84,0
344.5,30.3,0
258.9,30,0
157.9,28.94,0
76.6,27.9,0
11.57,26.4,0
5.36,13.7,0
55.8,13.5,0
95.2,14.3,0
151.3,15.9,0
235.2,17.36,0
326.2,18,0
546.6,19.2,0
631.8,20.6,0
712.4,21.7,0
786.4,22.8,0
847,23.02,0
897,24,0
941,25.02,0
966,26,0
984,26.66,0
880,26.92,0
882,28.34,0
947,29.06,0
818,28.92,0
803,29.5,0
705.9,29.64,0
666.5,29.72,0
565.8,29.1,0
458,28.7,0
361.8,28.7,0
189.2,27.9,0
132.9,26.24,0
68.29,24.86,0
33.66,23.6,0
1.85,22.44,0
11.26,12.3,0
99.1,13.2,0
182,14,0
272.9,14.7,0
368.6,15.8,0
466,16.3,0
559.6,17.2,0
604.3,18.22,0
720.6,19.64,0
785,19.92,0
789.9,20.92,0
918,22.42,0
888,22.54,0
969,23.5,0
962,24.1,0
967,25.2,0
958,25.74,0
844,25,0
828,24.84,0
794.1,25.7,0
696.2,26,0
673.4,26.16,0
483.8,25.84,0
416,25,0
346.2,24.6,0
273.6,24.26,0
189.7,22.98,0
109,21.9,0
38.48,20.66,0
3.48,11,0
25.09,11.8,0
113.9,13.2,0
203.1,15,0
291.3,16.7,0
373.2,18.44,0
485.9,18.22,0
578.2,19.3,0
666.4,19.5,0
745.2,20.12,0
823,20.7,0
881,21.5,0
934,22.54,0
970,23.68,0
987,24.4,0
989,24.98,0
986,25.5,0
961,26.56,0
924,26.66,0
873,27.3,0
810,27.88,0
737.7,27.9,0
661.1,27.6,0
576.7,27.78,0
485.9,27.4,0
389.7,27.3,0
300.5,27.22,0
205.1,26.9,0
113.8,26.4,0
33.12,25.8,0
4.1,15.18,0
58.71,15.2,0
146.5,16.22,0
243.2,17.7,0
339.9,19,0
438.5,20.36,0
533,23.02,0
621.6,23.5,0
707.4,23.72,0
785,25.16,0
852,26.3,0
911,27.72,0
958,28.54,0
986,29.1,0
1005,29.5,0
1004,30.66,0
995,31.26,0
974,31.76,0
936,31.5,0
881,32.2,0
818,32,0
744.4,32.88,0
655.8,32.7,0
562.8,33,0
465.7,32.44,0
372.7,32.4,0
277.7,32.28,0
184.4,32,0
95.1,31.36,0
19.04,28.52,0
7.01,13.24,0
76.54,13.5,0
161.1,16.3,0
257.1,18.06,0
355.8,20.8,0
452.5,23.4,0
546,24.1,0
633.9,25.78,0
713.3,26.72,0
788,27.6,0
851,27.86,0
905,29.1,0
946,30.3,0
977,31.3,0
992,32.6,0
987,33.46,0
976,33.12,0
952,33.9,0
910,33.48,0
857,35.16,0
786.9,34.52,0
715.4,35.12,0
630.1,34.4,0
549.5,34.7,0
352.1,33.58,0
139.4,32.86,0
259.5,32.7,0
49.67,30.6,0
34.98,29.14,0
6.06,27.8,0
4.28,14.94,0
95.8,14.24,0
179.5,17,0
277.6,18.7,0
372,21,0
465.7,22.7,0
560.4,24.32,0
647.4,25.34,0
730.5,26,0
808,27.34,0
869,29.6,0
926,30.4,0
968,31.82,0
976,32.7,0
1000,33.62,0
985,34.66,0
973,35,0
965,35.18,0
899,35.56,0
802,35.5,0
763.1,35.64,0
674.7,35.64,0
585.8,35.6,0
474.7,35.4,0
286.7,34.5,0
262.2,34.4,0
66.33,32.66,0
81.2,31.46,0
49.98,29.84,0
3.57,27.76,0
15.06,15.3,0
122.8,15.74,0
94.7,16.6,0
172.9,18.16,0
186.9,19,0
490.3,20.72,0
581.7,22.4,0
667.9,24.76,0
746.7,25.12,0
821,26.86,0
885,27.86,0
931,29.08,0
966,29.84,0
991,30.8,0
998,32.04,0
998,32.44,0
974,33.78,0
941,33.7,0
886,33.9,0
836,34.6,0
768,34.04,0
701.3,33.2,0
636.5,32.84,0
500.8,32.48,0
411.8,31.76,0
321.1,31.5,0
227.7,30,0
133.6,28.86,0
49.68,27.08,0
5.21,24.72,0
19.7,11.6,0
123.4,13,0
204.3,14.8,0
328.5,16.8,0
432.5,18.1,0
479,20.04,0
553.9,21.94,0
685.3,22.74,0
747.6,23.72,0
831,24.44,0
890,26.42,0
935,27.42,0
973,28.32,0
988,29.06,0
990,30.1,0
979,30.7,0
934,31.18,0
933,31.9,0
885,31.64,0
822,33.84,0
739,33.7,0
655.3,33.6,0
568.9,33.28,0
474.5,33.68,0
387.4,33.7,0
288.9,33.2,0
193.3,31,0
110.1,28.9,0
32.77,26.88,0
4.71,12.36,0
47.84,12.5,0
124.6,13.9,0
220.1,15.3,0
316.5,17,0
407.9,18.4,0
507.5,18.7,0
593.4,20.3,0
679.7,21.98,0
760.7,23.7,0
830,25.12,0
878,27,0
919,27.44,0
961,29,0
980,30.26,0
980,31.38,0
963,31.9,0
944,33.2,0
876,34.08,0
857,33.62,0
788.3,34.14,0
717.7,34.78,0
635,34.9,0
542.1,35.3,0
455.1,34.86,0
359.2,34.66,0
262.5,33.4,0
173.3,32.5,0
89.7,31.3,0
15.37,29.5,0
8.39,17.8,0
66.29,17.6,0
148.6,18.56,0
241.5,19.8,0
336.9,21.28,0
432.1,22.1,0
540.4,22.88,0
663,24.34,0
686.2,25.66,0
766.8,26.76,0
830,28.64,0
885,29.1,0
926,30.02,0
950,30.04,0
962,31.04,0
943,32.02,0
952,32.7,0
918,33.06,0
897,33.12,0
834,34.72,0
766.7,34.2,0
691.2,34.3,0
607.5,34.28,0
519.4,33.66,0
425.4,32.7,0
334,31.8,0
250,30.54,0
145.7,29.56,0
76.14,27.98,0
8.22,26.16,0
3.73,15.7,0
88.6,16.3,0
167.5,17.5,0
257.9,18.4,0
350.9,19.88,0
440.5,20,0
530.2,21.2,0
616.6,21.76,0
695.9,22.9,0
769.1,24.78,0
832,25.7,0
884,26.12,0
923,27,0
952,27.82,0
981,28.4,0
601.1,28.88,0
732.4,28.7,0
546.8,28.64,0
685.4,29,0
495.3,28.96,0
299.9,28.2,0
234.4,26.7,0
175.6,25.4,0
249.5,25.5,0
232.2,25.2,0
169.8,25.12,0
152.2,24.62,0
86.1,23.84,0
28,22.3,0
3.26,21.06,0
6.21,16.4,0
19.25,16.5,0
78.32,16.58,0
98.9,16.8,0
173.2,16.84,0
172.5,17.4,0
460.1,18,0
682.1,19.26,0
723.2,20.76,0
787.4,21.44,0
847,23.18,0
900,23.58,0
933,24.8,0
957,25.54,0
973,26.5,0
968,27.34,0
944,27.2,0
907,27.36,0
864,27.3,0
805,28.2,0
730,27.6,0
652.7,28.44,0
568.7,28.26,0
500.6,27.76,0
396.3,26.92,0
141.5,26.1,0
233.3,26.5,0
93.2,25.1,0
30.89,23.9,0
3.83,22.54,0
26.12,14.1,0
147.4,15.2,0
117.9,15.82,0
186.9,16.7,0
383.7,17.36,0
478.9,18.82,0
582.2,19.94,0
653.7,21.58,0
737.4,23.36,0
795.4,24.54,0
857,26.12,0
900,27.24,0
938,27.38,0
957,28.44,0
963,29.26,0
956,30.2,0
938,30.82,0
902,30.96,0
848,31.64,0
785.1,32.08,0
713.9,32.4,0
629.6,31.7,0
549.4,31.56,0
460.3,30.98,0
371,30.2,0
280.4,29.74,0
191.4,29.2,0
106.9,27.9,0
29.31,26.28,0
3.79,14,0
57.25,14.3,0
140.2,15.4,0
234.1,16.3,0
328.5,16.9,0
414.8,18.2,0
516.8,19,0
606.4,19.7,0
690.6,21.18,0
765.8,22.46,0
835,23.56,0
890,25.12,0
935,26.14,0
966,27.36,0
985,28.42,0
981,29.9,0
970,30.2,0
947,31.22,0
905,31.7,0
852,32.32,0
788.9,32.82,0
711.9,33.5,0
633.1,33.4,0
544.5,33.3,0
455.2,33.4,0
360.4,33.66,0
268.8,33.04,0
179.3,32.68,0
91.1,31.08,0
16.29,28.28,0
2.73,14.2,0
77.19,15.32,0
158.1,18.04,0
250.2,19.8,0
346.8,21.64,0
439.5,23,0
531,23.9,0
618.6,24.98,0
700.6,26.46,0
773.4,27.6,0
840,28.82,0
894,30.84,0
937,31.3,0
961,32.48,0
973,33,0
973,33.3,0
955,33.4,0
929,34.4,0
886,35.38,0
826,35.7,0
760.6,36.2,0
688.3,36.2,0
603,36.56,0
516.1,36.62,0
424.2,36.54,0
332.4,36.46,0
241.3,35.8,0
156,35.3,0
78.04,34.52,0
5.5,33.36,0
5.89,18.32,0
102,19.7,0
181.9,22.22,0
272.8,24.72,0
366.4,26.28,0
460.3,28.3,0
549.8,29.68,0
634.1,31.28,0
714.9,31.9,0
787.6,32.86,0
851,33.7,0
901,35.52,0
937,36.4,0
961,37.08,0
967,37.36,0
965,38.8,0
948,39.18,0
915,39.5,0
875,40.04,0
814,39.62,0
752.6,40.6,0
673.2,40.22,0
674,40.12,0
512.6,40.48,0
384.8,40.64,0
316.1,39.86,0
198.8,38.96,0
93.7,36,0
38.13,33.72,0
3.79,31.42,0
21.19,19,0
113.5,19.5,0
127.9,19.9,0
246.2,21.3,0
349,22.1,0
472.2,23.58,0
561.6,24.6,0
648.4,26.66,0
729.2,27.88,0
802,28.6,0
863,29.64,0
908,30.68,0
944,31.6,0
965,32.2,0
966,32.9,0
962,35.06,0
941,35.72,0
907,35,0
857,35.06,0
796.4,36.16,0
728.8,35.68,0
645.1,35.7,0
557.6,36.14,0
471,35.72,0
378.2,34.88,0
285.4,34.16,0
194.4,33.1,0
108.2,31.2,0
30.26,29.38,0
3.94,14.5,0
52.57,14.34,0
131.9,14.7,0
227.9,15.8,0
319.7,17.7,0
412.9,19.2,0
505.3,19.5,0
595.6,21.4,0
679.9,22.58,0
755.8,24.4,0
822,26.2,0
879,27.24,0
920,29.28,0
950,29.72,0
966,31.44,0
967,31.72,0
961,33.56,0
936,33.9,0
891,34.4,0
838,35.2,0
768.9,34.94,0
695.4,35.66,0
618.2,35.7,0
528.5,36.44,0
439.2,35.8,0
346.4,34.98,0
254.7,34.1,0
164.3,32.4,0
81.9,30.1,0
8.07,28.2,0
4.54,16.2,0
80.5,16.5,0
142.5,17.3,0
239.5,18.08,0
328.3,19.58,0
426.3,21,0
521.3,22.1,0
605.5,23.08,0
695.6,24.74,0
758.2,25.8,0
827,27.26,0
881,27.54,0
917,28.5,0
935,30.56,0
953,31.2,0
954,32.7,0
941,32.58,0
911,33.3,0
869,34.66,0
807,35.6,0
740.4,35.74,0
670.1,35.2,0
588.4,35.8,0
501.7,35.46,0
408.8,35.3,0
316,35.12,0
225.5,34.3,0
138.1,33.22,0
54.9,31.32,0
1.75,29.4,0
11.45,14.8,0
117.3,16.3,0
203.6,19.72,0
295.2,22.2,0
389.7,22.6,0
481.9,24.36,0
572.5,26.12,0
658.3,28.02,0
737.6,30.7,0
809,30.9,0
870,32.9,0
918,33.56,0
953,34.2,0
973,35.2,0
975,34.98,0
964,36.48,0
949,36.84,0
915,36.72,0
867,37.14,0
804,36.68,0
732.4,36.58,0
654.7,36.9,0
572.3,37.26,0
482.8,37.2,0
389,35.74,0
299.6,35.8,0
204.1,34.76,0
111.2,33.38,0
33.72,31.44,0
5.32,14.9,0
56.72,15.8,0
139.6,17.9,0
234.5,20.3,0
330.9,22.36,0
427.8,22.6,0
522.3,23.66,0
610.9,25.3,0
693.9,27.06,0
771.5,28.1,0
841,29.8,0
896,30.7,0
940,32.28,0
950,33.7,0
968,34.54,0
953,34.62,0
955,35.12,0
927,36.4,0
890,36.44,0
847,37.58,0
782.9,37.94,0
704.5,37.2,0
623.8,37.82,0
539.7,37.5,0
444,37.4,0
358,37.12,0
265.3,36.9,0
173.6,35.7,0
88.3,34,0
7.86,31.46,0
5.03,15.56,0
90.3,15.4,0
174.5,17.96,0
267.7,20.74,0
362.6,23.02,0
455.2,24.06,0
544.2,25.6,0
631.8,26.28,0
715.8,28.14,0
793.5,29.7,0
855,31,0
904,32.32,0
964,33.44,0
986,34.6,0
988,35.24,0
969,36.54,0
947,37,0
913,37.74,0
864,38,0
810,38.48,0
731,37.94,0
657.9,38.42,0
572.5,38.24,0
475.7,38.3,0
386,37.6,0
296.7,37.6,0
204,36.5,0
114.6,35.2,0
42.91,33.7,0
2.77,17.58,0
16.86,17.9,0
38.46,19.3,0
235.4,20.46,0
227.6,23.1,0
464.6,24.8,0
452.3,24.7,0
693.3,26.5,0
414.9,27.94,0
296.4,28.2,0
201.3,28.4,0
318.6,28.2,0
1233,31.18,0
371.9,31.76,0
1039,33.24,0
517.4,34.38,0
331.4,34.3,0
517.6,35.36,0
375.5,35.54,0
365,34.92,0
562.9,36.46,0
415.5,36.94,0
260.2,35.6,0
623.9,37.36,0
285.7,36.62,0
126.8,35.22,0
101.5,34.1,0
72.51,33.2,0
33.84,32.5,0
5.61,31.3,0
3.85,20.86,0
75.66,21,0
220.7,22.38,0
357,23.6,0
433,25.7,0
504.2,27.2,0
575.6,27.82,0
819,29.52,0
769.7,30.7,0
927,33.2,0
1051,31.5,0
1127,32.3,0
605.2,33.16,0
435.7,32.1,0
381.2,31.9,0
359.3,32.14,0
374.3,32.8,0
359.9,33.4,0
1054,34.68,0
859,36.94,0
753,37,0
661.7,37.52,0
570,37.76,0
483.6,37.4,0
391.4,37.06,0
301.1,35.9,0
210.2,34.08,0
126,32.6,0
46.28,31.28,0
0.96,29.1,0
13.99,16.3,0
112.8,16.62,0
200.6,18.08,0
292.3,19.6,0
386.7,20.52,0
478.2,21.86,0
565.7,22.86,0
649.9,24.48,0
728.4,25.66,0
798,26.7,0
855,28.42,0
899,28.98,0
932,30.6,0
952,30.82,0
958,32.16,0
948,33,0
923,33.18,0
882,34.22,0
833,35.06,0
772.2,35.32,0
699.1,34.98,0
615.8,34.8,0
537,34.8,0
445.8,34.84,0
354.5,34.28,0
261.7,32.92,0
173.4,31.5,0
89.3,30.1,0
16.31,28.3,0
2.16,15.08,0
85.2,15.46,0
195.5,16.96,0
266,17.8,0
364.7,18.78,0
159.4,19.44,0
583.7,20.3,0
597.9,21.78,0
680.2,22.5,0
752.1,23.94,0
815,25.18,0
869,26.1,0
909,26.96,0
933,28.4,0
945,29.12,0
942,30.74,0
926,30.46,0
896,31.6,0
854,31.28,0
797.6,31.8,0
731.2,32.6,0
654.6,32.6,0
571.7,31.96,0
484.1,32.04,0
393.2,31.32,0
303.3,29.68,0
213.4,28.6,0
127.6,27.7,0
54.67,26.9,0
4.17,25.18,0
21.65,16,0
86.4,16.24,0
199.1,16.6,0
289.5,17.2,0
388.1,18.12,0
476.6,19.6,0
566.1,20.36,0
648.2,22,0
722.4,23.52,0
789.7,24.6,0
845,25.16,0
892,26.32,0
928,27.18,0
944,28.38,0
949,29.44,0
938,29.8,0
913,31.3,0
877,31.3,0
823,31.3,0
757.2,31.6,0
685.3,31.7,0
601.2,31.8,0
516.8,31.48,0
428.5,30.64,0
337,30.34,0
245.7,29.26,0
161.6,27.4,0
81.7,26.4,0
14.06,24.7,0
4.21,14.3,0
84.5,14.6,0
161.6,15.4,0
251.9,16.4,0
343.4,17.5,0
433.2,18,0
524,19.7,0
608.9,20.7,0
689,22.3,0
760.4,23.86,0
823,25.4,0
873,26.5,0
913,28.12,0
935,28.56,0
943,30.42,0
941,31.1,0
921,32.08,0
889,32.78,0
843,33.6,0
786.9,34.1,0
714.8,34.6,0
637.1,34.1,0
556,35.6,0
465.4,34.68,0
376.9,34.8,0
287.8,34.4,0
197.2,32.54,0
110.6,31.3,0
34.68,29.4,0
4.04,14.6,0
50.28,15,0
122.8,16.3,0
213.9,17.42,0
306.9,18.68,0
401.6,20.66,0
493.2,22.4,0
578.3,24.46,0
661.7,25.4,0
737.5,27.2,0
803,28.76,0
857,30.1,0
900,31.1,0
930,32.78,0
946,33.1,0
951,34.36,0
941,35.7,0
918,36.26,0
932,37.3,0
532.1,37.74,0
772.1,38.3,0
641.8,38.5,0
589.8,38.6,0
506.4,38.5,0
422.6,38.9,0
334.1,38.82,0
242.6,38.3,0
162.8,37.98,0
75.53,36,0
5.46,34.44,0
10.68,19.4,0
98.7,20.96,0
181.9,22.86,0
272.1,25.04,0
366.6,27.46,0
459.4,28.94,0
558.4,30.5,0
482.5,31.16,0
725.9,33.78,0
785.7,34.76,0
832,35.5,0
876,37.14,0
908,38.5,0
927,38.56,0
932,40.14,0
919,40.22,0
897,40.66,0
857,41.22,0
822,42.38,0
738.7,42.3,0
682,41.74,0
609.5,40.5,0
274.3,41.8,0
374.3,39.58,0
394.9,39.9,0
281.3,39.1,0
38.11,37.14,0
30.6,33.82,0
9.72,30.8,0
6.78,19.5,0
92.2,19.98,0
85.8,20.7,0
131.6,21.3,0
211,21.92,0
399.1,23.86,0
583.3,25.64,0
609.7,26.4,0
283.9,26.4,0
399.2,26.66,0
984,29.38,0
417.8,31.06,0
1148,30.62,0
1095,31.82,0
712.1,31.28,0
630.4,31.34,0
959,33.2,0
918,33.98,0
831,34.98,0
536.9,35.48,0
497.7,34.2,0
813,35.56,0
444.3,34.54,0
174.5,33.26,0
450.6,33.54,0
357.2,33.44,0
221.4,33.02,0
112,31.48,0
38.84,29.34,0
3.12,19,0
59.68,18.94,0
62.23,19.4,0
207.7,19.7,0
269.5,20.7,0
113.8,19.8,0
205.3,20.04,0
489.7,21.9,0
671,23.14,0
567.5,23.9,0
605,25.2,0
477.5,24.84,0
929,26.22,0
849,27.14,0
914,28.1,0
908,29.28,0
887,30.18,0
860,31.46,0
907,30,0
767.6,31,0
696.3,30.8,0
643.6,31.08,0
440.1,30.68,0
460.9,30.84,0
378.3,30.44,0
389,27.86,0
109.5,26.4,0
105.7,25,0
28.6,23.76,0
0.87,16.4,0
8.33,16.3,0
37.78,16.6,0
114.7,17,0
304.2,17.8,0
430.3,18.58,0
159.3,18.88,0
549.3,20.16,0
627.6,21.1,0
701.5,21.92,0
770.8,22.88,0
830,23.4,0
873,24.48,0
905,26.02,0
925,27.12,0
922,27.4,0
903,28.2,0
881,29.12,0
839,29.98,0
788.6,30.32,0
733.2,30.32,0
580.6,29.9,0
584.2,30.3,0
490.3,29.7,0
396.3,29.2,0
302.2,28.48,0
210.1,27.06,0
123.6,25.28,0
47.93,23.74,0
1.78,22.5,0
17.24,15.4,0
62.79,15.7,0
120.3,16.3,0
296.1,17.14,0
372.5,18.3,0
365.9,18.8,0
557.6,20.5,0
532.9,21.08,0
718.7,22.4,0
813,23.32,0
855,25.02,0
900,25.74,0
930,27.34,0
936,28.58,0
928,28.64,0
913,28.7,0
887,29.6,0
848,30.1,0
794.9,31.16,0
734.9,31.08,0
662.2,31.54,0
587.3,31.9,0
502.7,31.5,0
414.7,31.1,0
324.5,30.9,0
234.1,29.8,0
147.5,28.64,0
68.31,27.7,0
4.32,25.6,0
8.23,14.8,0
98.7,15.5,0
171.3,16.7,0
273.6,18.22,0
368.3,18.9,0
473.7,19.9,0
574.1,21.14,0
558.1,22.88,0
753.2,24.54,0
799.6,26.34,0
838,27.34,0
828,28.98,0
944,30.4,0
900,31.26,0
960,32.7,0
408.2,31.96,0
881,33.2,0
817,33.98,0
817,34.7,0
750.5,35.4,0
678.9,35.84,0
624.8,35.14,0
584,35.64,0
498.3,35,0
326,34.42,0
255.9,33.1,0
171.1,31.8,0
99.1,30,0
13.57,28.16,0
1.89,18.7,0
19.76,18.9,0
58.36,18.5,0
101.2,19.08,0
139.1,19.7,0
150.6,19.5,0
508.5,20.1,0
271.5,21.7,0
372.4,22.04,0
376.1,23.24,0
609.7,24.14,0
384.4,24.36,0
1117,26.8,0
1050,28.72,0
1044,29.2,0
489,28,0
644.6,28.2,0
493.3,27.6,0
185.2,25.9,0
203.4,25.6,0
119.2,25.7,0
141.8,25.5,0
64.71,25.4,0
60.68,24.7,0
50.7,24.2,0
29.25,23.7,0
18.94,23.3,0
6.32,22.1,0
2.82,21.8,0
3.82,16.8,0
60.25,16.78,0
100.1,17.2,0
119.4,17.8,0
108.9,17.9,0
142.7,18.8,0
220.7,19.7,0
790.8,20.68,0
707.1,23.28,0
756.4,24.3,0
808,25.66,0
860,25.84,0
895,27.24,0
912,28.16,0
919,28.1,0
920,28.6,0
913,28.7,0
343.1,29.48,0
899,30.88,0
916,29.4,0
682.9,30.44,0
588,30,0
510.8,29.98,0
417.7,30.2,0
333.1,29.72,0
243,29.66,0
91.9,28.3,0
73.93,26.7,0
5.41,25.04,0
2.66,16.9,0
19.46,16.92,0
34.72,17.26,0
164.4,18.1,0
247,19.34,0
252.7,20.08,0
480.3,20.2,0
723,22.2,0
796.9,23.38,0
678.4,25.1,0
707.6,26.2,0
770.2,27.02,0
676.5,26.88,0
537.9,27.7,0
426.3,28.28,0
572.7,29.6,0
1098,28.98,0
939,29.06,0
874,30.94,0
752.7,30.3,0
675.6,31.78,0
591.2,31.82,0
509.6,31.04,0
421.6,30.8,0
334.1,30.3,0
244,28.58,0
156.1,25.9,0
75.34,24.3,0
5.78,22.98,0
3.63,14.9,0
104.9,15.3,0
188.1,16.6,0
336.9,18.38,0
363.5,18.74,0
472.1,19.82,0
558.1,21.26,0
641.1,21.96,0
717.6,22.34,0
786.1,23.82,0
842,24.58,0
888,25.34,0
919,26.3,0
940,27.46,0
942,27.86,0
936,29.04,0
914,29.42,0
875,30.3,0
819,30.86,0
756,31.08,0
685.2,31.26,0
604.9,31.1,0
516.5,31.18,0
425.5,31.3,0
334,31.36,0
238.9,30.8,0
151.2,30.14,0
61.68,29.5,0
1.73,27.64,0
13.55,14.8,0
110.5,16.7,0
195.8,19.1,0
288.1,20.56,0
382.5,22.32,0
476.1,23,0
565.5,23.88,0
651.5,25.44,0
729.2,26.54,0
797.7,27.6,0
857,29,0
902,29.8,0
936,30.3,0
952,31.08,0
950,32.52,0
942,32.34,0
918,33.54,0
877,34,0
819,34,0
751.7,34.4,0
679,34.9,0
594.9,34.2,0
507,34.32,0
410.5,34.2,0
316.5,34.34,0
229.1,34.2,0
138.1,33.7,0
50.48,33.1,0
5.31,30.76,0
19.11,18.2,0
129.5,20.32,0
217.6,22,0
313.2,24.6,0
411.8,26.6,0
503.5,28.8,0
593.5,29.68,0
677.3,30.56,0
753.6,31.24,0
820,32.02,0
878,33.8,0
925,34.36,0
947,35.66,0
961,35.58,0
953,36.58,0
944,37.18,0
913,37.88,0
861,38,0
811,37.86,0
732,37.9,0
658.4,38.1,0
575.5,38,0
488.6,38.3,0
398,38.06,0
303.3,37.7,0
211.6,37.5,0
119.1,37,0
33.04,35.72,0
1.21,20.68,0
58.33,18.88,0
139.7,21.22,0
227.9,23.84,0
322,26.26,0
414.8,29.5,0
506.9,30.6,0
598.1,31.9,0
686,33.58,0
762.7,34.94,0
827,36.1,0
879,36.2,0
917,36.6,0
934,37.14,0
951,38.2,0
947,39.14,0
934,39.5,0
894,39.46,0
846,39.36,0
790.1,40.22,0
715.9,39.82,0
635.8,39.9,0
552.1,39.2,0
459.9,39.3,0
363.4,38.84,0
272.2,38.2,0
184.3,37.24,0
57.6,36.24,0
15.87,34.5,0
5.69,22.7,0
39.24,22.36,0
83.3,23.4,0
101.4,24.3,0
297.1,25.42,0
198.4,27.64,0
300.9,26.64,0
679.4,29.28,0
731.5,30.84,0
789.5,31.54,0
851,32.66,0
341.2,31.1,0
995,32.5,0
456.7,34.1,0
1058,33.68,0
582.5,32.4,0
1212,32.2,0
898,35.66,0
818,36.28,0
753.5,38.14,0
675.7,37.3,0
597.8,38.1,0
510.2,38.2,0
154,37.6,0
309.3,37.9,0
232.1,38,0
139.2,37.1,0
57.41,35.2,0
1.63,33.76,0
15.68,19.1,0
97.9,19.2,0
131.1,19.8,0
138.9,20.1,0
306,21.94,0
553,24,0
582.7,25.8,0
685.7,27.32,0
744.9,28.48,0
816,29.72,0
889,30.8,0
914,31.92,0
969,32.42,0
985,33.96,0
729.3,34.26,0
968,34.42,0
940,35.3,0
866,36.64,0
827,35.96,0
763.5,36.16,0
475.3,36.2,0
601,36.58,0
317.3,36.6,0
351.2,34.8,0
344.4,34.8,0
240.5,33.6,0
68.94,32.28,0
43.58,30.5,0
0.77,21.58,0
28.08,22.3,0
61.38,22.9,0
163.3,23.56,0
469.1,24.64,0
520.7,25.3,0
584.7,26.04,0
775.3,26.6,0
266.5,28,0
765,30.2,0
817,30.98,0
926,33.06,0
895,33.62,0
692.4,35,0
915,35.5,0
1098,37.5,0
858,37.3,0
1005,38,0
761.4,37.22,0
663.1,37.8,0
552.7,38.1,0
321.8,37.4,0
308.5,37.42,0
479.9,36.8,0
435.8,37.34,0
311.4,36.32,0
162.3,35.1,0
100.2,34.32,0
4.95,33.1,0
12.89,20.6,0
80.6,21.4,0
83,22.4,0
93.4,23.3,0
256.3,23.4,0
520.6,25.56,0
631.1,27.4,0
656,29.68,0
709.6,31.28,0
797.7,31.54,0
747.9,32.48,0
852,33.74,0
890,33.98,0
899,35,0
903,35.62,0
891,36.54,0
861,36.9,0
820,37.64,0
765.4,38.24,0
700.7,39.06,0
741.3,39.58,0
360.1,38.2,0
600.9,38.84,0
172.2,38.1,0
159.5,37.4,0
89.7,36.72,0
51.14,35.5,0
7.96,31.68,0
1.08,19.2,0
50.97,19.72,0
130,21.08,0
223.1,23.1,0
319.5,23.8,0
411.6,25.44,0
501.8,27.06,0
593.5,28.34,0
672.4,29.46,0
740.9,30.72,0
797.8,31.76,0
863,33.12,0
899,34.02,0
921,35.7,0
798.7,36.3,0
903,37.52,0
886,37.66,0
861,38.62,0
801,39.14,0
737.5,39.44,0
670.5,39.58,0
587.4,39.92,0
502,40.24,0
417.2,40.1,0
328,39.7,0
235.4,39.66,0
146.3,38.6,0
60.19,36.9,0
2.07,34.12,0
23.61,19.3,0
104.7,19.32,0
203.3,22.2,0
301.8,24,0
403,26.04,0
496.3,28.28,0
586.8,29.68,0
672.7,31.24,0
743.2,32.6,0
809,34.3,0
866,36.2,0
908,37.5,0
935,38.82,0
944,39.38,0
946,39.8,0
929,40.24,0
888,41.06,0
843,40.9,0
780.3,41.84,0
713.5,41.64,0
634,42,0
550.7,41.9,0
457.6,41.18,0
365.5,40.8,0
273.1,40.3,0
175.2,39.5,0
88.9,38.7,0
14.69,37.34,0
9.49,18.9,0
135.1,20.2,0
232.5,22.6,0
331.5,24.72,0
351.8,24.86,0
442.6,26.9,0
559.3,28.5,0
641.4,29.36,0
770,30.62,0
838,31.42,0
767.7,31.92,0
937,33.5,0
925,34,0
932,35.78,0
939,36.4,0
926,36.88,0
887,37.82,0
845,37.68,0
793.9,38.4,0
725.6,38.08,0
652.4,37.78,0
568.2,38.12,0
477.5,37.68,0
383.7,36.66,0
292.1,36.1,0
202.8,34.7,0
121.5,33.7,0
37.42,32.1,0
1.02,15.2,0
34.24,15.1,0
72.66,15.5,0
117.1,15.9,0
203.2,16.8,0
387.7,17.7,0
592.6,19.26,0
497,21.5,0
457.9,22.56,0
720,22.94,0
689.2,24.38,0
599.2,25.5,0
858,26.7,0
786.1,28.04,0
424.3,27.8,0
379.5,27.2,0
649.7,27.96,0
790.2,29.8,0
549.7,30.26,0
535.2,30.8,0
353.6,30.8,0
317.6,29.9,0
317.1,30.2,0
277.3,30.4,0
167.8,29.9,0
106.2,29.5,0
60.55,28.7,0
30.84,28,0
0.82,16.3,0
10.19,16.4,0
36.56,16.7,0
52.83,17,0
94.5,17.2,0
122,17.86,0
129.5,18.2,0
135.2,18.7,0
265.3,19.5,0
382.3,20.8,0
509.7,21.68,0
445.9,23.6,0
212.2,22.6,0
261.7,23.7,0
242.9,24.16,0
279.7,24.86,0
398.1,26.02,0
526.7,26.4,0
534.8,26.82,0
142.8,26.5,0
127.4,25.9,0
160.9,26,0
162.5,26.2,0
83.6,26.7,0
42.76,26.22,0
43.99,26,0
23.16,25.1,0
7.18,24.4,0
0.31,23.96,0
6.39,19.7,0
25.39,19.4,0
86.2,19.4,0
108,20.2,0
92.8,20.8,0
66.02,21.4,0
27.01,21.2,0
29.09,21.1,0
89.6,20.9,0
131.4,21.7,0
96.3,21.5,0
265.6,22.18,0
217.9,23,0
224,23,0
211.3,23.5,0
164.4,23.22,0
183.7,23.2,0
180.6,23.7,0
197.2,24.26,0
114.3,23.9,0
43.68,24.2,0
40.44,23.94,0
32.78,24.3,0
32.75,23.6,0
44.98,23.5,0
32.58,23.7,0
16.06,23.6,0
0.84,23.3,0
14.56,20,0
38.11,20,0
60.08,20,0
70.9,20.3,0
101.2,20.8,0
417.2,23.2,0
517.3,25.3,0
600.4,26.88,0
668.1,27.94,0
630.5,28.16,0
736.9,28.96,0
835,30.1,0
848,30.5,0
861,30.56,0
850,31.9,0
836,32.6,0
473.4,33.08,0
698.1,33.46,0
675.9,33.7,0
585.4,33.9,0
424.1,33.44,0
439.6,33.8,0
226.7,33.8,0
130.6,32.5,0
236.8,32.5,0
140.2,32.7,0
63.54,31.86,0
4.53,30.96,0
16.83,18.1,0
79.63,18.7,0
162.7,19.7,0
253.4,21.52,0
347.2,22.56,0
437.1,23.9,0
527.7,25.26,0
609,26.84,0
684.9,28.06,0
748.6,29.2,0
802,30.72,0
841,31.1,0
867,32.02,0
878,33.3,0
875,33.4,0
857,33.6,0
819,35.4,0
782,35.38,0
720.3,35.46,0
645.5,36,0
568.1,35.54,0
482.4,35.74,0
395.1,35.6,0
303.2,35,0
214,33.72,0
124.9,33,0
50.61,31.4,0
2.53,29.4,0
16.48,17.2,0
91.5,17.4,0
185.4,18.82,0
273.3,20,0
372.8,21.9,0
466.4,22.9,0
557.1,23.68,0
635.4,25.54,0
719.5,27.2,0
777.7,27.9,0
839,28.36,0
866,30.18,0
839,31.7,0
914,32.6,0
902,32.9,0
874,34.32,0
836,34.6,0
778.5,34.9,0
752.5,35.76,0
591.9,35.72,0
462,35.4,0
387,34.94,0
402.5,35.58,0
201.4,34.9,0
293.4,34.42,0
162.2,34.06,0
61.51,32.22,0
1.08,30.02,0
18.74,16.64,0
114.4,17.76,0
206.4,19.3,0
304.9,20.6,0
394.9,21.36,0
490.4,22.86,0
578.1,24.1,0
657.5,24.7,0
729.4,25.68,0
798.3,27.96,0
853,28.9,0
888,29.48,0
905,29.94,0
911,30.76,0
911,33.04,0
888,33.08,0
854,33.38,0
799.1,33.54,0
730.5,33.54,0
660.3,33.9,0
583.3,33.5,0
499.3,33.6,0
405.3,32.88,0
305.9,32,0
211,30.9,0
123.5,29.5,0
45.27,28,0
3.07,12.2,0
34.5,12,0
115.6,13.7,0
211,14.9,0
309.3,15.94,0
406.3,16.9,0
498.9,18.56,0
585,19.68,0
664.7,21.2,0
736.9,22.66,0
792.3,24.2,0
850,25.38,0
872,27.66,0
907,28.46,0
905,29.36,0
893,30.9,0
900,31.06,0
614.7,31.54,0
652.7,31.78,0
311.9,31.1,0
390.8,30.7,0
498.4,32.44,0
247.6,31.86,0
195.6,31.24,0
135.2,31.76,0
99.9,30.2,0
100.1,29.5,0
16.33,28.4,0
2.33,15.4,0
70.94,15.66,0
154,17.2,0
121.1,18.6,0
375.9,19.7,0
443.8,21.3,0
662.8,22.84,0
324.9,24.36,0
396.2,25.9,0
481.9,27.66,0
832,29.88,0
441.4,31.4,0
494.1,32.36,0
1072,33.5,0
972,34.1,0
868,34.66,0
675.9,35.86,0
829,35.38,0
822,36.76,0
691.4,37.04,0
659.8,37.36,0
540.2,37,0
439.7,36.74,0
348.3,36.04,0
255.4,35.34,0
161.7,33.32,0
74.51,31.78,0
6.22,30.1,0
11.22,15.3,0
53.97,15.7,0
44.78,16,0
284.3,16.98,0
377.2,18.56,0
472.1,19.18,0
558.2,20,0
645.8,21.6,0
721.2,22.74,0
785.4,24.46,0
829,25.9,0
812,27.32,0
921,28.16,0
920,29.26,0
851,30.38,0
923,29.98,0
979,31.46,0
941,31.72,0
810,32.28,0
551.6,31.36,0
384.8,31.3,0
428,30.6,0
397.2,30.28,0
182.4,29.2,0
94.6,27.8,0
85.9,27.8,0
37.82,25.92,0
3.84,13,0
12.99,13.3,0
139,14.56,0
230.6,15.74,0
329,17,0
424.5,17.9,0
514.1,19.1,0
597,19.8,0
675.4,20.78,0
749.3,23.2,0
842,24.62,0
703.3,25.8,0
773.9,27.1,0
661.7,28.28,0
971,29,0
568.5,30.1,0
666.2,31,0
1002,31.78,0
813,31.9,0
469.7,31.22,0
621.8,31.68,0
553.8,31.6,0
128.5,30.1,0
400.5,31.2,0
285.3,30.64,0
184.4,29.64,0
92.4,29.3,0
13.24,28.22,0
7.21,16.4,0
90.9,17.48,0
176.9,18.7,0
269.8,20.3,0
364.8,22,0
457.1,22.9,0
547.9,24.2,0
632.1,25.98,0
708.3,27.54,0
772.2,28.28,0
823,29.1,0
861,30.38,0
886,31.68,0
900,31.66,0
892,32.4,0
871,32.52,0
835,33.18,0
792.4,33.58,0
727.8,33.34,0
656.3,33.68,0
575.3,33.3,0
492.3,32.82,0
404.9,32.7,0
309.7,32.1,0
219.6,31.7,0
130.3,31.4,0
46.29,30.3,0
3.33,16.4,0
47.58,16.5,0
134.1,17.6,0
228,19.22,0
323.5,20.58,0
418.8,21.52,0
512.1,23.14,0
600.1,25.5,0
677.3,27.36,0
749.9,29.34,0
805,30.34,0
849,31.14,0
876,32.42,0
896,32.62,0
902,33.52,0
885,34.06,0
863,34.86,0
817,35.22,0
762,35.12,0
697,35.94,0
616.3,36.6,0
529.1,35.52,0
447.2,35.6,0
353.8,35.3,0
258.3,35.52,0
168.6,34,0
81.1,32.8,0
5.68,31.5,0
13.83,16.8,0
109.2,17.1,0
202.5,19.82,0
299.3,21.2,0
395.7,23.6,0
490,24.26,0
577.4,26.16,0
659.2,26.8,0
731.9,28.14,0
792.7,29.12,0
846,30.84,0
879,31.9,0
902,32.6,0
910,33.28,0
904,34.14,0
881,34.48,0
845,35.8,0
799,36.08,0
732,35.78,0
660.2,36.3,0
577.2,37,0
486.8,36.4,0
395.4,36.2,0
301.6,35.4,0
203.5,34.7,0
110.7,33.5,0
25.87,31.8,0
2.32,13.2,0
83.8,14.8,0
172.9,16.74,0
271.1,19.1,0
371.7,20.5,0
468.2,21.32,0
558.7,23.12,0
643.3,24.68,0
720.8,26.14,0
786.8,27.84,0
839,28.6,0
880,29.7,0
904,31.28,0
917,32,0
912,33,0
896,33.9,0
862,34.5,0
822,35.3,0
758.6,35.16,0
690.6,35.84,0
608.9,36.14,0
524.2,35.42,0
425,36.1,0
329.3,34.88,0
236.3,35.1,0
141.1,34.3,0
49.93,32.88,0
4,13.16,0
59.81,13.6,0
148.2,15.58,0
243.2,17.1,0
338.7,18.9,0
434.6,20.3,0
528.7,21.48,0
613.8,22.84,0
690.3,23.82,0
760.3,25.84,0
815,27.24,0
860,28.08,0
890,28.84,0
905,29.44,0
903,30.58,0
889,31.7,0
862,32,0
815,32.18,0
756.1,33.2,0
688.5,33.4,0
604.8,33.52,0
519.4,33.3,0
428,33.2,0
333.5,33.6,0
238.6,32.86,0
145.7,31.64,0
56.22,30.1,0
2.71,27.84,0
5.83,14.7,0
41.45,14.9,0
125.4,15.36,0
181,15.9,0
409.6,17.14,0
490.9,17.8,0
574.9,19.5,0
655.1,20.56,0
725.7,22.44,0
784.5,24.2,0
833,24.56,0
871,25.3,0
886,27.06,0
881,27.58,0
865,29.08,0
835,28.7,0
791.7,29.24,0
737.7,30.12,0
667.8,30.2,0
587,29.54,0
503.1,30.16,0
416.9,29.78,0
323.9,29.62,0
229.6,28.6,0
143.5,27.5,0
60.74,25.9,0
2.88,23.7,0
9.75,16.2,0
26.47,16.4,0
62.4,16.6,0
102.2,16.8,0
158.3,17.4,0
269.9,18.2,0
730.3,19.2,0
655.1,20.9,0
698.9,21.98,0
768.2,23.78,0
818,23.92,0
850,24.9,0
866,25.74,0
869,26.18,0
857,25.9,0
830,26.7,0
787.8,27.58,0
730.4,27.12,0
663.6,27.68,0
587.4,27.62,0
507.7,26.9,0
421.7,26.62,0
328,26.54,0
235.7,26,0
147,25.4,0
65.99,24.2,0
2.92,22.6,0
29.5,13.3,0
108.2,14.76,0
201.5,16.6,0
295.5,18.1,0
391.3,19.22,0
484.2,20.54,0
567.8,21.76,0
645.4,24.24,0
714.7,25.88,0
772.8,26.58,0
822,27.78,0
850,28.64,0
871,30.08,0
874,30.52,0
860,31.08,0
831,31.42,0
789.2,32.04,0
733.4,32.1,0
659.9,31.7,0
585.7,32.38,0
506.3,32.9,0
415.3,32.56,0
325.1,32.28,0
232.9,31.2,0
141.8,30.84,0
60.47,30.1,0
1.2,28.56,0
38.64,16.7,0
124.9,17.6,0
218.9,18.8,0
315,19.9,0
410.6,21.2,0
500.1,22.6,0
585,24.4,0
658.1,25.7,0
726.9,27,0
779,27.4,0
826,28.16,0
863,29.26,0
875,29.62,0
878,30.38,0
869,31.06,0
841,31.94,0
797.5,32.2,0
741.5,31.2,0
671,31.56,0
592.1,31.96,0
510.7,31.7,0
417.7,31.36,0
322.9,30.8,0
228.9,29.94,0
137.4,28.9,0
50.32,27.7,0
3.94,25.62,0
42.96,12.9,0
129.6,14.5,0
224.1,16,0
321.7,17.2,0
416.3,18.54,0
506.6,20.1,0
587.3,21.72,0
662.8,22.88,0
731.4,24.7,0
786.9,26.4,0
830,27.16,0
859,28,0
873,28.9,0
871,30,0
853,31.02,0
823,32.24,0
776.4,32.46,0
719.4,33.2,0
647.6,33.88,0
566.4,33.3,0
479.7,32.72,0
392.7,32.5,0
296.6,32.7,0
202.2,32.72,0
113.7,32.2,0
34.35,31.1,0
1.21,14.8,0
58.82,15.7,0
143.2,16.36,0
236.2,16.8,0
331.9,18,0
426.3,19.22,0
515,20.9,0
597.4,21.96,0
672.7,23.06,0
737.6,24.9,0
789.3,26,0
830,26.9,0
858,28.9,0
872,29.8,0
866,30.8,0
846,30.76,0
808,32.18,0
762.2,32.66,0
699,33.52,0
628.5,33.12,0
546.8,33.18,0
460.3,33.24,0
369.1,32.7,0
275.6,31.94,0
182.9,31.6,0
92.6,29.76,0
12.97,27.36,0
7.54,14.1,0
40.15,14.6,0
115.8,15.1,0
162.2,16.6,0
372.3,17.3,0
465.2,18.9,0
539.3,20.3,0
615.6,21.1,0
685.7,22.1,0
750.9,22.92,0
797.7,23.56,0
834,24.84,0
856,24.82,0
858,26.58,0
852,26.68,0
826,27.12,0
785.1,27.66,0
734.2,28.16,0
670,28.3,0
594.7,28.78,0
509,29.3,0
425.3,29.34,0
335.2,29.3,0
243.3,28.92,0
150.9,29,0
64.76,27.8,0
2.21,25.02,0
31.64,13.6,0
113.4,15.58,0
205.1,17.3,0
301.1,18.58,0
394.4,19.78,0
485.1,20.7,0
568.1,22.16,0
643.9,23.26,0
713.7,24.38,0
770.1,25.64,0
813,27.7,0
843,28.3,0
857,29.2,0
856,29.58,0
837,30.34,0
809,30.7,0
762.7,31.26,0
699.3,31.5,0
632.3,31.8,0
552.6,33.1,0
465.9,32.4,0
377.8,32.3,0
283.5,32.02,0
192.7,32.1,0
103,31.2,0
28.02,30.1,0
2.24,17.3,0
71.64,18.26,0
159,20.04,0
253.2,21.6,0
348.6,23.04,0
442.1,24.3,0
529.7,25.48,0
610.4,26.1,0
682.1,27.18,0
744.5,28.66,0
795,30,0
831,30.8,0
854,31.7,0
859,33.28,0
846,33.9,0
824,33.66,0
787.5,34.26,0
738.1,34.24,0
672.8,35.24,0
601.2,34.8,0
518.7,35.4,0
429.8,36.1,0
338.1,34.82,0
243.9,34.7,0
151.2,34.4,0
66.83,33.62,0
2.95,31.54,0
28.55,18.4,0
110.2,19.4,0
205.7,21.64,0
300.3,22.6,0
394.6,24.56,0
484,25.24,0
568.4,25.74,0
644.6,27.3,0
713.7,28.8,0
769.2,29.44,0
811,30.78,0
837,31.4,0
852,32.5,0
850,33.48,0
831,34.2,0
799.9,34.48,0
751.8,35.02,0
695,35.86,0
627.5,35.8,0
552.3,36.5,0
466.8,36.86,0
375.9,36,0
283.4,35.9,0
190.4,35.54,0
95.1,34.9,0
19.29,33.04,0
3.54,15.7,0
44.85,15.8,0
115.5,16.7,0
167.1,18.08,0
257,20.26,0
344.7,21.88,0
321.8,22.1,0
564.3,22.92,0
834,25.5,0
473.6,26.68,0
359.4,25.82,0
400.2,26.4,0
356.5,27.04,0
350.1,27.76,0
651.4,29.76,0
487,31.1,0
386.1,30.62,0
455.4,31.14,0
709.1,32,0
578.6,33.02,0
426,33.52,0
288.4,33.4,0
148.8,32.8,0
71.65,31.9,0
52.08,30.7,0
14.53,30.02,0
3.69,18.9,0
64.44,19.76,0
155.6,21,0
249.9,22.5,0
347.8,23.58,0
440.9,24.78,0
530.8,26,0
618.3,27.82,0
690.6,29.42,0
752.9,30.34,0
799.6,32,0
835,32.1,0
854,32.44,0
865,33.3,0
857,33.54,0
850,34.2,0
615.4,34.44,0
742.1,34.9,0
676.5,35.1,0
608.7,36.38,0
582.6,35.96,0
469,35.44,0
196,35.1,0
243.2,35.2,0
155.4,34.1,0
64.51,32.32,0
1.48,30.04,0
43.62,16.6,0
133.1,17.76,0
228.1,19.66,0
324.2,21.5,0
418.8,22.42,0
507.3,24,0
589.2,25,0
664.4,25.5,0
728.4,27.1,0
782.5,28.72,0
820,29.74,0
848,30.44,0
858,30.7,0
855,31.96,0
833,33.04,0
798.7,33.1,0
748.5,33.5,0
683.7,34.12,0
611.8,34.3,0
534,34.64,0
445,34.2,0
352.1,34.3,0
258.5,33.9,0
166.5,33.5,0
79.43,32.2,0
3.72,31.06,0
28.05,17.7,0
113.5,17.9,0
207.2,19.7,0
302.8,21.92,0
397,24.04,0
487.9,26.6,0
571.5,27.3,0
643.6,28.2,0
711.7,29.24,0
769.5,30.5,0
809,31.34,0
835,32.42,0
847,33.42,0
847,34.28,0
828,34.78,0
793.2,35.4,0
747.2,36.3,0
689.6,36.5,0
613.9,36.78,0
536.4,37.02,0
456.7,36.7,0
365.1,36.7,0
265.2,36.64,0
173.3,36.3,0
78.1,36,0
5.99,34.14,0
21.15,18.26,0
101.2,19.42,0
191.2,21.3,0
285.4,22.9,0
384.2,24.3,0
476.9,25.8,0
564.4,27.06,0
645.1,28.7,0
710.1,31.14,0
766.2,31.2,0
809,32.6,0
833,32.98,0
843,33.6,0
843,34.5,0
824,34.16,0
799.5,34.5,0
752.7,35.32,0
690.7,35.18,0
620.8,35.04,0
542.1,34.9,0
454.8,34.32,0
365.9,33.96,0
266.8,33.2,0
178.1,31.9,0
92.2,30.7,0
6.38,28.12,0
20.75,12.9,0
107,13.7,0
200,16,0
297.7,17.8,0
394,19.8,0
485.6,20.64,0
570.5,22.46,0
646.9,23.76,0
714.4,24.32,0
768.8,25.7,0
810,26.74,0
836,28.76,0
848,29.56,0
847,30.5,0
830,31.52,0
797.2,32.1,0
749.6,33.1,0
689.8,33.52,0
616.1,33.84,0
538.3,34.14,0
450.7,34.14,0
365.4,33.96,0
262.9,34.06,0
170.9,33.8,0
82.9,33.26,0
3.84,31.86,0
21.86,15.7,0
109.8,16.6,0
201.8,18.4,0
248.3,20.8,0
400.1,22.6,0
493.1,24.84,0
571.8,26.8,0
650.5,26.88,0
716.8,28.2,0
769.1,29.34,0
808,30.14,0
831,31,0
841,32,0
836,32.96,0
816,32.78,0
782.6,34.04,0
741.1,34.56,0
681.2,35.1,0
605,34.92,0
524.3,35.28,0
436.8,35.28,0
346.8,35.1,0
249.8,34.7,0
155.8,34.5,0
58.82,32.96,0
1.05,30.1,0
33.05,13.9,0
119.6,14.96,0
216.8,16.4,0
312.5,17.8,0
410.2,18.58,0
497,19.78,0
580,21.28,0
652.4,23.28,0
716,24.88,0
767.6,26.08,0
807,27.36,0
830,28.9,0
840,30.26,0
834,30.4,0
808,30.9,0
770.8,31.7,0
721.6,32.54,0
654.7,33.32,0
579,33.76,0
498.8,33.78,0
404.4,33.4,0
313.1,33.7,0
219.2,33.54,0
127.5,32.7,0
42.55,31.44,0
3.94,14.94,0
53.91,15.04,0
143.3,16.2,0
237.8,17.52,0
335.4,19.2,0
426.8,20.28,0
517.1,22.26,0
596.6,23.8,0
666.1,24.72,0
728.8,27.08,0
778.2,28.02,0
815,29.92,0
832,30.4,0
835,31.16,0
823,31.44,0
796.9,32.5,0
757.4,33.42,0
698.7,34,0
632.9,34.42,0
554,34.68,0
471.6,34.62,0
381.8,34.7,0
287,33.92,0
192.3,33.4,0
103.3,32.4,0
20.79,30.86,0
6.81,12.3,0
91.8,13.12,0
181.9,15.44,0
279.4,17.7,0
373.8,19.2,0
464.6,20.1,0
550.8,21.68,0
626.9,23.72,0
696,25.3,0
753.5,26.64,0
795.8,28.5,0
822,30.44,0
837,30.56,0
833,31,0
818,31.78,0
786,32.6,0
742,32.9,0
678.6,33.42,0
608.4,33.3,0
530.4,33.1,0
441.8,33.26,0
346.8,33.3,0
250.5,32.98,0
156.1,32.54,0
64.36,31.14,0
1.91,29.1,0
13.52,14.1,0
58.95,14.5,0
31.38,14.1,0
346,14.8,0
362.3,16.62,0
553,18.86,0
659.2,19.72,0
687,20.3,0
727.5,22.4,0
775.9,22.6,0
813,25.14,0
838,26.4,0
845,27.42,0
834,27.8,0
809,27.98,0
772.6,28.92,0
719.5,29.48,0
648.2,30.2,0
578.5,30.24,0
501.9,29.6,0
404.9,29.94,0
314.5,29.02,0
215.9,27.92,0
119,26.3,0
28.18,24.76,0
4,10.22,0
86,11.2,0
177.2,12.8,0
273.4,14.9,0
370.4,16.16,0
463.7,18,0
545.6,19.8,0
611.8,21.02,0
683,22.88,0
740.9,24.66,0
791,25.22,0
810,25.7,0
830,26.6,0
828,28.48,0
807,28.8,0
752.6,29.6,0
699,30.06,0
633.6,31,0
561.7,31.5,0
482.3,31.84,0
385.1,31.9,0
303.9,31.9,0
207.5,31.6,0
125.7,31.1,0
57.88,30.2,0
6.69,27.72,0
44.79,14.74,0
131,16.22,0
225.7,18.34,0
321.2,21.2,0
412.7,23.98,0
500.3,24.78,0
581.4,26.58,0
653.8,27.34,0
715.2,28.66,0
760.6,29.5,0
793.4,31.1,0
812,31.84,0
817,32.7,0
805,33.44,0
777.9,34.7,0
733.1,33.8,0
681.8,34.2,0
614.1,35.36,0
539.9,35.9,0
455.1,35.22,0
363.1,35.32,0
271.6,34.4,0
177.3,35.36,0
82.1,34,0
10.87,32.56,0
12.99,16.72,0
99.9,16.8,0
193,20.32,0
290,23.56,0
383.2,24.9,0
472.4,27.04,0
558.9,29.34,0
639.4,30.9,0
693.3,32.68,0
758.4,33.56,0
790,33.82,0
813,33.58,0
825,34.4,0
815,34.96,0
790.2,35.38,0
756.3,35.92,0
704.6,36,0
638.2,36.4,0
558,36.86,0
485.2,36.74,0
395.4,36.5,0
301.3,36.2,0
209.3,36.2,0
117.1,35.7,0
30.81,34.5,0
2.98,15.72,0
75.06,17.2,0
165.1,19.2,0
260.7,22.4,0
354.1,25.2,0
447.2,26.96,0
530.2,27.7,0
606.3,29.6,0
673.5,31.04,0
731,32.2,0
773.7,33.66,0
803,35.26,0
811,35.88,0
807,36.72,0
785.9,37.02,0
750.9,38,0
710.3,38.3,0
649.7,38.86,0
575.1,38.44,0
498.2,38.86,0
414.1,38.58,0
320.2,37.96,0
229.9,37.5,0
143,37.1,0
23.51,36.2,0
3.28,19.42,0
38.42,17.8,0
188.8,19.44,0
289.4,23.6,0
361.1,26.2,0
394.7,27.44,0
590.2,29.1,0
275.8,29.82,0
720.3,31.22,0
289.1,32.78,0
318.2,33.34,0
815,34,0
810,34.9,0
806,36.1,0
790.3,37.14,0
756.3,38.12,0
709.5,38,0
652.4,38.74,0
580.4,39.18,0
500.9,38.78,0
425.8,38.4,0
353.9,38.2,0
244.8,37.78,0
156.1,37.2,0
59.58,36.2,0
6.89,34.96,0
34.58,16.5,0
135.4,18.4,0
232.5,20.44,0
328,21.32,0
421.6,21.84,0
507.6,23.64,0
586.8,25.74,0
647.7,27.78,0
708.2,29.14,0
745.2,31.14,0
769.1,32.8,0
803,33.46,0
790.9,34.22,0
780.9,35.92,0
753.8,36.22,0
711.1,36.9,0
651.3,37.94,0
578.4,37.9,0
500.3,36.92,0
415.6,37.3,0
322.2,37.1,0
230.6,36.2,0
138.1,35.2,0
20.16,33.6,0
4.55,31.9,0
46.46,18.9,0
132.6,20.5,0
225.7,22.1,0
329.2,23.9,0
440,24.66,0
623,27.1,0
592.5,28.78,0
685.1,29.16,0
731.7,31.92,0
736.6,31.94,0
765.3,31.48,0
775.1,33.1,0
776.7,32.4,0
767.1,33.98,0
734.9,33.9,0
693.3,34.1,0
643.4,34.6,0
566.3,34.24,0
489.2,34.04,0
407.6,33.94,0
315.5,33.6,0
226.4,32.34,0
135.8,30.7,0
50.56,28.88,0
3.07,13.6,0
59.71,14.5,0
151.8,16.42,0
248.5,18.54,0
343.6,19.8,0
434.4,21.52,0
519.6,23.6,0
596.1,25.08,0
661.9,26.4,0
718.3,27.7,0
759.6,27.92,0
788.4,29.36,0
805,29.72,0
797.6,30.3,0
784.7,31.46,0
755.1,31.68,0
712.6,32.8,0
659.2,32.9,0
644.2,33.42,0
517.1,33.4,0
414.9,33.5,0
322.4,33.32,0
242.1,32.7,0
121.4,32.14,0
13.44,30.7,0
1.31,15.8,0
75.31,16.74,0
151,19.04,0
248.4,21.8,0
346.4,23.7,0
435.5,25.06,0
520.7,25.96,0
592.4,26.42,0
659.4,27.6,0
711,28.72,0
750.3,29.7,0
772.6,30.36,0
782.2,30.78,0
778.6,31.7,0
757.3,32.32,0
723.4,32.66,0
670,33.5,0
610.2,33.68,0
540.4,33.52,0
458.3,33.5,0
372.4,32.5,0
278.4,31.2,0
187.4,30.2,0
97.4,28.2,0
19.26,26.56,0
3.81,19.3,0
67.3,19.8,0
96.4,21.1,0
201.3,21.6,0
149.2,22.36,0
221.1,23.2,0
288.1,23.92,0
414.8,25.5,0
190.5,24.5,0
208.7,24.78,0
468.2,25,0
276.5,25.08,0
768.3,25.3,0
873,26.2,0
907,27.04,0
795.1,27.76,0
310.2,27.4,0
265,26.8,0
309.9,27.26,0
157.1,28.2,0
368.6,27.9,0
256,27.6,0
159.2,27.1,0
75.73,26.8,0
4.34,25.7,0
14.44,15.2,0
56.62,15.8,0
121.7,16.76,0
211.4,17.84,0
289.3,18.8,0
373,20.2,0
446.7,21.1,0
510.6,22.56,0
561.9,23.4,0
614.5,25.2,0
669.4,25.2,0
697.2,26.82,0
682.5,27.9,0
649.3,28.2,0
622.9,28.5,0
606.3,29.3,0
503.9,30.44,0
364,29.12,0
319.3,29.66,0
308.2,29.88,0
201.1,29.36,0
133,28.4,0
66.16,27.9,0
25.8,27,0
3.84,16.46,0
47.23,16.5,0
141.3,17.1,0
247.3,18.7,0
340.3,19.76,0
389.8,20.74,0
480.3,22.76,0
498.9,23.7,0
568.2,25.2,0
640.9,25.8,0
709.6,27,0
720.9,27.7,0
727.3,29.3,0
739.3,28.96,0
760.4,30.54,0
711.8,30.46,0
586.4,30.82,0
727,30.6,0
604.1,31.42,0
465.7,32.26,0
243,30.96,0
229.9,30.9,0
116.3,30,0
26.2,28.4,0
21.23,27.8,0
15.77,16.1,0
31.08,16.14,0
79.42,16.5,0
132.7,17.2,0
86.8,17.6,0
82.5,17.9,0
180,18.4,0
285.5,19.3,0
197.6,20.2,0
302.2,21.2,0
438.5,21.82,0
496,23.66,0
993,25.34,0
366.7,25.2,0
352,25.74,0
229.6,25.3,0
448.5,25.8,0
168.2,26.3,0
125.3,26.3,0
100.5,26.2,0
84.9,26.2,0
74.39,25.9,0
159.2,26.5,0
36.71,25.7,0
4.51,13.9,0
53.15,14.3,0
129.9,15.72,0
225.7,17.04,0
305.3,17.6,0
361.6,18.82,0
452.6,19.86,0
536.7,21.64,0
594.9,23.12,0
664.7,24.5,0
703.6,26.02,0
745.1,27.1,0
760.5,27.8,0
749.4,28.54,0
726.8,29.1,0
688.4,30.3,0
636.4,30.5,0
572.3,31.5,0
502.8,31.22,0
429.2,30.8,0
121.9,30.2,0
200.2,30.1,0
189.8,30.64,0
72.01,29.82,0
1.95,28.7,0
25.52,14.8,0
117.8,16.84,0
210.5,18.9,0
304.5,20.44,0
402.7,22.6,0
494.2,23.8,0
565.2,24.5,0
620.4,26.16,0
684.6,27,0
733.1,27.98,0
746.7,29.2,0
754.5,29.8,0
752.5,30.9,0
749.2,30.9,0
601,31.6,0
666.9,32.58,0
602.4,32.5,0
531.6,32.44,0
452.3,32.2,0
365.9,31.6,0
271.3,31.7,0
184.4,30.84,0
96.5,30.24,0
15.57,29,0
3.93,17.9,0
24.13,18.2,0
51.53,18.4,0
104.4,18.6,0
191.1,19.1,0
467.6,20.36,0
536.2,21.54,0
604.7,22.66,0
661,23.98,0
707,25.9,0
739.1,27.42,0
753.3,27.4,0
755.7,28.32,0
741.3,29.24,0
711.5,29.64,0
671.1,30.28,0
617.6,30.76,0
551.2,31,0
472.2,29.86,0
337.8,29.1,0
298.1,28.34,0
207.4,28.04,0
113.6,27.4,0
29.35,25.84,0
0.54,17,0
14.41,16.6,0
12.58,16.2,0
4.64,15,0
15.73,14,0
88.5,14.3,0
31.49,14.6,0
151.8,14.3,0
88.4,14.48,0
145.7,14.9,0
165.5,15.2,0
272.4,15.9,0
549,17.42,0
900,18.68,0
735.8,18.86,0
737.5,20.7,0
643.2,20.64,0
575.9,21,0
495.6,22.06,0
410.3,22.28,0
315.6,21.7,0
218.2,21.8,0
123.4,21.26,0
33.83,20.7,0
1.34,11.3,0
64.21,11.22,0
154.7,12.92,0
248.3,14.68,0
348.1,16.56,0
470.4,17.88,0
509.1,18.68,0
554.6,19.44,0
608.8,20.24,0
653,20.9,0
699.8,21.6,0
744,22.48,0
727.7,23.18,0
865,23.2,0
170.1,23.66,0
194.1,24.08,0
490.8,23.3,0
138,24,0
77.11,23.48,0
328.2,23.8,0
427.1,25.38,0
288,24.2,0
179.3,23.8,0
32.36,22.9,0
0.98,14,0
34.23,14.8,0
49.76,14.9,0
56.35,14.9,0
123.7,15.48,0
441.4,17.98,0
519.1,19.4,0
594,20.22,0
643.7,21.38,0
692.5,21.76,0
742.4,22.04,0
745.7,22.6,0
748.4,23.42,0
737.5,23.84,0
714.4,24,0
717.5,23.8,0
657.4,24.22,0
712.9,25.26,0
357.1,24.5,0
406.1,24.5,0
411.6,25.2,0
234.5,25.2,0
145.2,25.04,0
39.28,24.1,0
1.83,13.5,0
15.88,13.14,0
205.8,14.56,0
373.8,15.4,0
504.9,17.8,0
217.7,18.3,0
162.5,18.5,0
59.13,18.3,0
53.33,18.3,0
44.84,18.2,0
78.82,18.3,0
117.2,18.3,0
181.9,18.4,0
224.8,18.9,0
191.5,19.56,0
539,20.36,0
428.5,21.76,0
438.1,22.8,0
259.5,21.96,0
202.4,21.6,0
179.3,22.8,0
52.87,22.34,0
52.84,21.3,0
16.23,20.5,0
5.55,11.2,0
85.6,11.4,0
177,13.86,0
270,15.2,0
362.2,17.5,0
448.9,18.26,0
528,19.7,0
593.7,20.22,0
649.8,22.6,0
699.3,23.1,0
723,24.06,0
741.3,24.2,0
741.9,25.44,0
725.9,25.98,0
690.2,25.86,0
648.3,27.1,0
590.4,28,0
518.7,27.3,0
445.6,27.6,0
357.5,27,0
270.6,27.08,0
178.5,26.98,0
90,26.28,0
6.08,24.98,0
10.59,13.9,0
104.2,14.4,0
196.7,15.9,0
293.3,17.7,0
385.8,18.82,0
480.8,19.74,0
549.1,21.22,0
588.7,22.14,0
619.8,23.7,0
711.7,24.5,0
732.8,25.18,0
746.4,24.64,0
743.5,25.52,0
726,26.7,0
689.7,26.9,0
635.1,27.42,0
580.3,27,0
500.8,27.52,0
425.5,27.56,0
329.7,27.56,0
246.2,27.5,0
151.4,26.9,0
61.93,26.24,0
2.26,25.3,0
18.26,14.2,0
146.5,15.06,0
247,16.4,0
345.5,17.3,0
438.4,18.5,0
522.6,19.2,0
597,20.88,0
662.5,21.9,0
709.9,23.24,0
744.7,25,0
768.1,25.64,0
771.6,26.32,0
756.6,27.88,0
730.7,28.04,0
687.9,28.32,0
632.8,28.78,0
566.3,29.04,0
490.3,28.9,0
406.4,28.8,0
312.7,28.96,0
218.2,28.4,0
122.3,27.8,0
31.57,26.88,0
2.16,14.2,0
83.7,14.5,0
179.3,16.12,0
276.4,19.12,0
371.1,21.4,0
457.3,24.3,0
532.9,25.2,0
601.2,25.8,0
660.2,26.26,0
706.1,27.86,0
738,28.92,0
752.9,29.08,0
751.6,29.6,0
735,29.5,0
703.4,30.6,0
658.7,31.2,0
600.1,31,0
531.8,31.86,0
450.4,31.8,0
363.6,31.4,0
270.2,31.74,0
175.4,31.3,0
81.5,30.4,0
4.19,29.12,0
15.63,16.3,0
117.9,15.9,0
216.4,18.44,0
311.5,21.9,0
400.8,24.5,0
483.3,25.7,0
558.8,27.3,0
622.9,28.42,0
672.2,29.82,0
710.8,30.2,0
733.6,31.36,0
741.3,32.44,0
736.2,33.16,0
712.9,33.28,0
675.5,34.22,0
625.1,34.2,0
562.9,34.26,0
489.9,34.2,0
405.5,34.3,0
315,34.1,0
220.9,33.6,0
123.6,33,0
31.35,31.76,0
3.17,15.36,0
85.4,15.2,0
179.7,16.56,0
276.6,20.32,0
370.3,22.38,0
458,24.88,0
536.4,26.26,0
604.6,28.1,0
661.5,28.7,0
703.3,29.74,0
729.8,31.2,0
744,32.16,0
739.4,33.1,0
724.1,33.16,0
689.5,33.5,0
644.4,33.96,0
585.8,34.12,0
515.4,34.48,0
435.2,34.22,0
345.7,34.14,0
251.8,34.16,0
155.9,33.7,0
62.4,32.7,0
4.85,30.6,0
36.21,15.5,0
144.8,16.94,0
242.2,19.9,0
336.6,22.04,0
425.1,24.4,0
507,25.92,0
576.4,27.3,0
636.6,29.34,0
683.2,29.92,0
715.5,30.5,0
735.6,31.22,0
735.7,32.28,0
723,32.56,0
696,32.8,0
654.6,33.3,0
600.8,33.9,0
534.5,34.7,0
455.3,34.46,0
369.4,34.48,0
276,34.6,0
183.1,34,0
90.1,33.56,0
5.97,31.24,0
13.43,15.64,0
118.1,17.24,0
214.3,19.36,0
307.6,21.68,0
397.6,25.04,0
479.7,27.22,0
553.1,29.02,0
614.5,30.2,0
663.9,30.1,0
702,30.9,0
722.5,31.92,0
729.1,32.7,0
718.2,32.92,0
696.9,34.16,0
657.4,33.8,0
605.6,34.34,0
543.6,34.54,0
465.8,34.82,0
383,34.84,0
293.2,34.4,0
200.6,34.5,0
106.5,33.74,0
10.07,32.1,0
7.88,15.2,0
98.2,17.5,0
192.2,19.08,0
285.3,21.4,0
378.7,23.4,0
461.1,25.8,0
535.6,27.98,0
597.7,28.94,0
649.7,29.58,0
691.3,30.2,0
713.6,31.3,0
723.9,32.1,0
717.5,32.72,0
696.3,32.72,0
660.7,33.02,0
611.1,33.62,0
549.8,34.2,0
476.7,34.32,0
392.4,34.1,0
303.2,34,0
216.8,33.7,0
120.2,33,0
14.62,31.02,0
4.55,13.94,0
97.5,15.1,0
189.2,17.38,0
284,19.88,0
374,22.68,0
459.4,24,0
536,25.52,0
598.7,27.1,0
651.2,27.74,0
690.7,29.6,0
712.8,30.82,0
723.6,31.64,0
717.4,32.1,0
697.1,32.7,0
660.2,33.64,0
611,34.08,0
548.5,33.9,0
475.7,34.3,0
392.5,33.8,0
305.5,34.58,0
212.6,34,0
116.6,33.4,0
12.94,32.1,0
3.68,14.1,0
96.9,15.3,0
185,17.94,0
277.3,20.52,0
368.6,22.26,0
453.2,22.84,0
527.4,24.42,0
591.8,26,0
642.1,27.4,0
679.5,28.06,0
706.6,29.16,0
712.9,29.7,0
707,29.82,0
681,30.52,0
647.3,30.4,0
593.9,30.4,0
543.5,30.9,0
444.3,31,0
397.9,30.9,0
301.3,30.76,0
191.8,30.8,0
98.5,29.9,0
16.43,28.3,0
5.79,11.2,0
94.1,12.08,0
184.3,14.2,0
276.5,16.14,0
365.2,18.38,0
444.6,19.32,0
520.7,21.24,0
580.9,22.58,0
628.9,24.04,0
667.8,24.5,0
690.2,25.8,0
697.6,26.3,0
693.4,27.24,0
680.5,27.98,0
647,28.22,0
613.5,29.28,0
588.8,29.5,0
452.2,29.3,0
200.2,28.9,0
275.4,28.9,0
243.7,29.7,0
103.8,29,0
9.01,27.4,0
10.7,13.2,0
38.47,14,0
182.7,15.8,0
243.8,17,0
385.2,19.18,0
469.4,20.24,0
525.6,22.3,0
584.1,23.58,0
639.6,25.5,0
664.1,26.7,0
656.3,27.62,0
532.2,27.9,0
684.4,28.84,0
610.7,29.54,0
615.9,29.1,0
573.5,29.72,0
510.1,30.24,0
429.1,30.2,0
345.6,30.4,0
255.2,30.1,0
167.4,29.84,0
76.46,29.2,0
3.41,27.8,0
23.08,15.46,0
137.1,15.44,0
235.9,16.9,0
329.8,18.4,0
419.5,19.92,0
499.8,20.94,0
569,23,0
623.4,24.1,0
665.5,25.2,0
690.6,26.4,0
704.3,27.44,0
700.9,28.56,0
689.1,29,0
659.2,29.48,0
614.6,29.9,0
559.7,30.4,0
491.3,30.6,0
413.3,30.5,0
326.6,30.44,0
234.6,30.5,0
142.3,29.7,0
49.92,28.92,0
7.12,12.8,0
74.32,14.8,0
171.7,17.2,0
271.9,18.86,0
335.4,21.56,0
423.5,26.2,0
495.8,27.4,0
560.5,28.06,0
616.7,29.28,0
647.3,29.7,0
675.1,29.9,0
686,31.3,0
684.1,32.32,0
665.4,33.2,0
638.2,33.2,0
623,32.9,0
530.6,32.56,0
463.8,32.9,0
390.9,32.44,0
186.8,32.7,0
144.1,31.7,0
111.9,31,0
15.97,29.38,0
6.57,11.7,0
98.3,12.9,0
148.7,14.36,0
291.7,15.74,0
312.9,16.9,0
449.5,18.4,0
517.5,20,0
576.5,20.86,0
613,21.52,0
636.2,22.92,0
543.4,23.26,0
678.6,23.16,0
616.9,22.8,0
546,22.76,0
460.6,22,0
406.4,22,0
274.9,21.86,0
151.8,21,0
62.09,20.7,0
35.47,19.9,0
27.78,19.5,0
7.21,19.46,0
13.03,19.2,0
5.72,15,0
45.62,15.1,0
107.2,15.18,0
253.4,15.92,0
68.07,16.1,0
87,16.54,0
185.5,17.8,0
296.5,18.68,0
234.8,19.14,0
137.9,19.6,0
247.5,19.9,0
606.8,20.2,0
371.6,21.06,0
386.7,21,0
480.3,21.1,0
323.4,21.5,0
272.2,21.9,0
207.4,21.5,0
137.3,21.1,0
103.4,20.8,0
61.2,20.5,0
23.86,20.3,0
14.9,11.3,0
49.2,11.7,0
103.3,12.9,0
234.9,15.2,0
215.7,16.9,0
414.1,18.64,0
462.3,20.2,0
562,20.6,0
579.6,22.64,0
486.9,22.76,0
565.9,24.16,0
456.5,23.14,0
697.5,24.32,0
712.4,23.98,0
608.6,24.66,0
318.2,24.3,0
306.4,23.8,0
312,23.8,0
174.8,23.5,0
109.3,23,0
130.8,22.5,0
34.11,21.9,0
1.74,12,0
71.95,11.9,0
198.5,14.5,0
90,15.5,0
387.5,17.9,0
420.9,19,0
483.9,19.5,0
550.9,20.8,0
602.2,22.1,0
553.3,22.96,0
341.3,22.9,0
466.2,23.2,0
494,23.2,0
690.7,24.3,0
582.9,24.1,0
684.4,23.86,0
342.5,23.1,0
152.5,22.4,0
415,22.8,0
154,22.5,0
151.9,21.8,0
72.58,21.4,0
2.21,20.7,0
15.03,13.9,0
122.6,15,0
214.5,16.6,0
303.1,18.1,0
385.7,18.72,0
461.6,19.46,0
527.3,20.46,0
579.1,21.28,0
620.8,21.6,0
648,22.48,0
658.5,22.56,0
657.5,23.7,0
637.8,24.68,0
604.6,25.28,0
558.4,25.2,0
501.2,25.36,0
430.5,25.8,0
348.3,25.7,0
250.2,25.6,0
157.6,25,0
83.6,24.6,0
9.48,23.8,0
12.7,10.44,0
105.4,11.3,0
197.5,14.04,0
286.9,17.32,0
371.1,21,0
447.6,21.98,0
513.4,22.6,0
568.2,23.6,0
614.3,25.12,0
642.5,26.24,0
655.8,26.4,0
654.7,26.8,0
640.2,27.5,0
608.3,26.6,0
563,27.2,0
510.2,27.3,0
440.3,28.1,0
362.8,27.48,0
277.1,27.1,0
190.7,26.9,0
100.8,26.7,0
13.57,25.4,0
7.94,14,0
92.1,14.5,0
182,15.9,0
276,16.8,0
370.6,18.4,0
472.5,19.5,0
527.1,20.8,0
550.4,20.92,0
467,22.16,0
716.3,21.86,0
177.6,22.36,0
179,22.4,0
228.8,21.7,0
303,21.9,0
194.2,21,0
174.6,21.06,0
95.4,20.6,0
181.4,21,0
74.92,21.1,0
40.44,20.5,0
58.23,19.7,0
23.76,19.3,0
6.7,9.3,0
100.2,9.9,0
215.8,11.54,0
345.9,13.72,0
108,14.5,0
366,15.54,0
503.8,15.8,0
556.3,16.94,0
599.3,17.9,0
629.2,18.68,0
649.5,18.6,0
689.6,19.42,0
518.2,20.2,0
667.6,20.46,0
583.8,20.4,0
498.2,21.16,0
459.6,21.3,0
428.3,20.8,0
307.4,20.88,0
158.6,20.66,0
113.9,20.3,0
26.13,19.7,0
3.64,8.7,0
36.58,8.9,0
191.3,11.74,0
185.7,12.96,0
374.7,14.56,0
439.1,16.66,0
496,18.7,0
562.6,19.8,0
590.9,20.1,0
681.9,21.2,0
600.6,21.48,0
479,21.9,0
542.6,22.72,0
184.1,22.76,0
577,23.68,0
410.9,23.46,0
512.4,23.66,0
280.9,24.66,0
318.7,24.56,0
230.7,23.92,0
32.61,23.2,0
5.43,21.8,0
11.58,14.4,0
46.9,14.7,0
87.6,15.1,0
159.8,16.24,0
248.2,17.8,0
371.5,19.26,0
416.4,20.58,0
450,21.08,0
368.4,21.3,0
387.9,21.8,0
460.3,23.3,0
397,23.68,0
442.3,24.02,0
411.5,24.94,0
218.3,23.5,0
216.7,23.38,0
231.1,23.4,0
176.2,23.7,0
234,23.9,0
129.9,23.9,0
69.13,23.34,0
5.19,21.8,0
22.48,9.4,0
117.4,10.8,0
208.8,13.2,0
293.4,16,0
373.8,17.88,0
447.1,19.2,0
509.4,21.3,0
559.5,22.18,0
596.7,23.1,0
617.8,23.66,0
629.6,23.94,0
623.2,25.6,0
602,25.48,0
569.4,25.9,0
528.2,26.22,0
463.8,26.86,0
380.4,26.5,0
267.2,26,0
228.7,25.1,0
149.2,24.4,0
45.76,23.42,0
2.97,21.9,0
3.6,17.3,0
27.77,16,0
16.06,14.58,0
61.22,13.6,0
56.91,13.86,0
51.99,14,0
82.2,14,0
133.4,14.3,0
262.6,14.8,0
649.7,15.76,0
859,17.36,0
747.8,17.4,0
702.8,18.7,0
594.1,19.1,0
462.6,19.56,0
168.2,19.1,0
390.2,20,0
270.5,20,0
52.48,19.6,0
31.35,19.3,0
7.69,19,0
3.16,10.1,0
72.82,10.28,0
174,12.1,0
256.5,13.94,0
340.6,14.9,0
450,15.62,0
136.9,16.06,0
565.3,16.7,0
561.7,17.32,0
685.1,18.4,0
640.8,18.76,0
641.1,19,0
623.8,19.9,0
595.5,20.26,0
535,20.12,0
496.2,20.42,0
427.7,20.3,0
345.7,20.28,0
265,20.06,0
167.6,19.6,0
95.1,19.2,0
5.07,18.3,0
19.66,6.3,0
108.4,7.3,0
215,9.8,0
301.7,12.24,0
402,13.6,0
480,15.08,0
528.6,14.64,0
550.4,16.7,0
621.1,18.38,0
654.4,18.92,0
667.9,19.84,0
415.4,20.18,0
616.7,20.2,0
572.7,21.3,0
480.7,21.4,0
255.5,20.8,0
298.5,20.6,0
317.9,21.1,0
221.4,20.9,0
133.7,20.5,0
37.14,20,0
2.77,6.9,0
27.46,7.3,0
158.5,10.34,0
246.7,13.5,0
330.6,13.7,0
407.2,15.4,0
472.2,17.6,0
526.5,18.8,0
568,19.9,0
597,21.22,0
612.1,21.7,0
612.7,22.38,0
597.9,22.8,0
569.9,22.86,0
524.8,23.7,0
471.9,24.2,0
406.5,24.5,0
334.2,24.5,0
252.6,24.4,0
167.2,24.1,0
80.4,23.6,0
3.8,22.32,0
19.67,12.1,0
130.4,13.7,0
236.4,15.9,0
350.2,17.9,0
237.2,19.7,0
434.3,19.5,0
376.5,20.72,0
185.6,22.2,0
626.2,21.6,0
774.9,22.6,0
605.9,24.22,0
501.2,24.2,0
641.1,24.92,0
575.7,24.72,0
495.5,25.6,0
432.1,26.1,0
360.9,26.2,0
281.2,25.9,0
195.3,25.8,0
109.5,25.3,0
23.4,24.48,0
2.76,13.4,0
43.62,13.3,0
184,14.94,0
137.3,17.38,0
253.8,18.9,0
350.3,21.58,0
394,23.4,0
515.4,24.6,0
534.2,25.66,0
630.9,25.8,0
607.6,26.16,0
515.1,26.6,0
584.7,26.9,0
366.2,27.32,0
579.9,27.42,0
168,27.4,0
119.9,27,0
209.5,26.5,0
89.4,25.9,0
69.89,25.3,0
17.65,24.1,0
4.2,15.2,0
98.5,15.5,0
149.4,16.7,0
226.7,18.3,0
201.4,18.62,0
110.3,18.3,0
113.1,18.42,0
66.97,18.8,0
52.18,17.7,0
76.35,17.44,0
260.9,18,0
263,18.6,0
187.1,18.6,0
82.8,18,0
39.39,17.26,0
44.78,15.9,0
20.24,15.96,0
15.67,15.7,0
8.09,15.3,0
4.1,14.7,0
2.41,14.4,0
0.11,14.2,0
13.54,11.2,0
21.18,11.4,0
42.18,11.5,0
77.32,11.7,0
135.6,11.94,0
194,12.6,0
222.3,13.5,0
161.3,13.7,0
199.7,14,0
111.5,14.1,0
172.8,14.6,0
315.1,15.2,0
163.9,15.6,0
608.9,16.94,0
550,18.38,0
151.5,18.24,0
129.9,17.88,0
294.4,18.1,0
163.9,17.56,0
90.8,16.6,0
5.08,15.28,0
21.15,5,0
131.2,6.2,0
213.7,7.72,0
296.6,9.78,0
378.7,11.1,0
447.9,13.38,0
508.3,12.84,0
552.7,13.76,0
588.2,14.62,0
609.4,15.5,0
613.2,16.1,0
601.5,17,0
579.5,17.66,0
540.1,17.96,0
489.4,18.26,0
425.1,18.5,0
351,18.66,0
267.6,18.6,0
182.9,18.46,0
96.9,17.9,0
6.96,17.2,0
21.01,5.3,0
82.4,6.36,0
165.1,7.76,0
355.7,10.4,0
384.6,12.6,0
222.3,14.3,0
465.8,14.42,0
533.9,15.1,0
577.1,16.94,0
598.4,18.02,0
600.4,17.82,0
590.8,18.26,0
563.5,19.08,0
527.9,18.8,0
476.3,19.16,0
414.6,20,0
338.9,18.9,0
246,19.36,0
155.9,18.9,0
47.64,18.08,0
8.36,16.5,0
13.44,7.72,0
93.2,8.9,0
195.6,10.62,0
229.5,13.3,0
367.6,14.3,0
378.1,16.1,0
417.1,15.9,0
343.4,16.84,0
528.3,17.72,0
585.2,18.4,0
566.7,18.78,0
580.5,19.5,0
553.1,19.9,0
512.2,20,0
461.6,20.5,0
402.3,20.7,0
329.9,20.5,0
250.6,20.3,0
166.5,20.3,0
88.9,19.8,0
5.97,19,0
8.46,7.8,0
104.8,9.5,0
190.1,11.56,0
274.6,15.94,0
354.1,16.96,0
423.4,17.7,0
484,18.52,0
531.9,19.04,0
568.7,20.2,0
594,21,0
594.1,21.84,0
593.1,22.72,0
560.8,22.84,0
526.8,23.2,0
470.9,23.2,0
403.7,23.32,0
329.1,24,0
239.5,23.94,0
179,23.22,0
77.77,22.1,0
2.14,20.2,0
45.72,11.6,0
135.5,13.06,0
216.9,15.1,0
202.8,15.8,0
356.1,16.6,0
441.7,18.7,0
481.2,20.2,0
536.4,21.6,0
565.7,22.96,0
586.6,24.2,0
576.2,25.5,0
579,25.16,0
537,25.26,0
498.4,25.92,0
442.7,26.2,0
374.7,26.48,0
301.5,25.8,0
217.2,25,0
130.7,24.5,0
51.29,24,0
4.04,22.54,0
23.02,9.22,0
133.2,11.2,0
220.6,13.98,0
304.3,16.34,0
377.8,17.5,0
443.2,18.42,0
495.6,19.74,0
536.1,20.9,0
564.3,21.72,0
577.1,22.36,0
573.7,23.02,0
556.7,23.1,0
525.4,23.66,0
474.5,24,0
426.1,24.04,0
359.9,24.4,0
283.1,24.3,0
200,23.9,0
113,23.4,0
28.54,22.6,0
1.85,13.2,0
70.94,12,0
137.3,13.1,0
183.8,14.58,0
280.3,16.92,0
358.9,19.5,0
448.4,20.6,0
418.4,21,0
488.4,22.2,0
562.2,22.78,0
584,23.7,0
570.5,24.84,0
515.1,25.34,0
523.9,25.22,0
437.2,25.6,0
397,25.5,0
349.7,25.7,0
206.7,25.3,0
88.7,24.48,0
89.4,24.18,0
15.44,23.2,0
9.25,11.02,0
102.4,11.6,0
184.5,14.16,0
266,15.54,0
341.1,18.64,0
409.9,19.5,0
464.7,20.1,0
509.9,21.5,0
542.4,22.48,0
559,23.86,0
563.6,24.14,0
551.3,24.82,0
529.4,25.26,0
488.8,25.48,0
436.1,25.88,0
375.8,26,0
300.9,25.8,0
225,25.6,0
145.1,25.2,0
70.93,24.32,0
6.49,23.56,0
28.8,11.1,0
134,12.1,0
220.6,15.2,0
300.5,17.82,0
375.3,18.3,0
438.9,19.36,0
491.9,20.2,0
531.6,20.98,0
556.5,22.16,0
565,21.78,0
563.5,22.32,0
545,23.1,0
513.3,23.48,0
467.7,23.6,0
411.2,24.04,0
342.8,24.26,0
265.5,24.34,0
183.1,24.1,0
110.4,23.1,0
14.82,22.2,0
6.11,11.5,0
55.01,11.6,0
107.8,12.4,0
192.4,13.4,0
345.5,14.68,0
347.9,15.54,0
360,16.14,0
238.5,16.1,0
195.2,16.42,0
149,16.5,0
190.3,16.9,0
137.3,16.9,0
77.6,16.7,0
133.3,17.18,0
110.4,16.8,0
97.5,16.8,0
45.79,16.9,0
37.42,16.8,0
110.6,16.86,0
42.35,16.84,0
2.97,16.6,0
15.35,11.3,0
43.91,12,0
100.6,13,0
56.59,14.2,0
112.1,14.92,0
190.7,15.1,0
161.2,15,0
200.7,15.4,0
584.2,15.94,0
514.1,17.08,0
357.3,17.6,0
341.7,17.44,0
385.8,17.66,0
499.5,18.34,0
334.6,18.5,0
265.4,18.5,0
146.7,18,0
172.4,17.88,0
88.8,16.9,0
8.46,15.94,0
1.17,12.4,0
11.45,12.4,0
30.75,12.7,0
57.94,13,0
70.61,13.1,0
49.76,13.2,0
89.6,13.5,0
76.14,13.7,0
110.4,14,0
99.5,14.6,0
81.7,14.4,0
71.34,14.3,0
57.81,14.4,0
82.7,14.52,0
89.3,14.5,0
45.16,14.6,0
44.52,14.9,0
25.13,15,0
19.88,15,0
8.92,14.9,0
0.54,12.9,0
10.11,12.8,0
14.75,12.9,0
81.6,13,0
132.2,13.6,0
192.1,14.4,0
463.8,15.54,0
344.9,16.5,0
233.1,17.14,0
201.9,17.26,0
694.1,17,0
465,17.52,0
544.3,17.88,0
419.8,18.16,0
412.3,18.3,0
366.4,18.5,0
278.5,18.5,0
220.3,18.3,0
34.03,17.1,0
17.72,15.84,0
3.48,14.52,0
54.77,10.02,0
97.3,10.8,0
90.9,11.54,0
121.8,12.5,0
370.5,14.06,0
269.5,15.2,0
471.1,16.2,0
502.3,17.1,0
527.7,17.8,0
530.6,17.76,0
538,18.7,0
547.8,18.86,0
370.6,18.48,0
448.2,19.28,0
402.1,19.24,0
61,18.1,0
248.8,17.88,0
147.5,18.1,0
79.35,17.44,0
2,16.7,0
26.37,3.4,0
157.1,4.04,0
212,6.18,0
324.6,8.66,0
212,8.5,0
449.4,10.18,0
432,11,0
469.1,12.36,0
461.4,13.76,0
362.3,13.66,0
282.3,13.68,0
488.3,14.76,0
236.9,14.7,0
485.3,14.72,0
158.5,14.2,0
244.9,14,0
184.9,14.16,0
121.8,14.08,0
43.59,13.8,0
5,13.1,0
15.81,3.2,0
120.9,4.9,0
202.3,7.02,0
279.1,9.3,0
350.5,12.26,0
416.1,14,0
470.3,14.5,0
512.3,15.24,0
541.7,16.76,0
552.5,17.7,0
549.7,17.9,0
529.2,19.06,0
484.6,18.3,0
451.5,18.38,0
402.1,18.8,0
335.5,18.52,0
271.5,18.42,0
191.4,18.1,0
101.3,17.38,0
5.14,16.26,0
17.15,5.62,0
95.2,6.7,0
99.7,6.9,0
127.4,7.7,0
149.6,8.7,0
286.5,9.72,0
466.3,13.04,0
301.4,14.64,0
584,16.02,0
214.7,15.7,0
412.1,16.56,0
246,16.9,0
333.3,16.9,0
241.8,17.06,0
485.5,17.54,0
259.2,18.32,0
79.3,17.08,0
58.6,16.2,0
26.07,15.5,0
5.66,15.1,0
8.39,10.7,0
22.41,11.26,0
24.45,11.6,0
58.46,12.1,0
71.29,12.1,0
100.9,12.4,0
104.7,12.24,0
164,12.9,0
153.3,15.22,0
167,16.6,0
124.5,16.2,0
96.9,12.68,0
198.8,13.36,0
176.3,15.2,0
140.4,16.2,0
68.26,16.1,0
73.06,16,0
45.1,15.46,0
16.82,15.5,0
2.23,14.4,0
2.62,10.9,0
14.01,11.08,0
30.39,11,0
43.26,11.04,0
63.5,11.1,0
38.76,11.1,0
51.87,11.2,0
23.49,11.3,0
43.95,11.2,0
55.94,11.4,0
82.2,11.88,0
112,12.1,0
72.92,12.26,0
42.62,12.4,0
37.11,12.14,0
35.34,11.9,0
27.32,11.6,0
44.45,11.66,0
15.44,11.9,0
2.55,11.9,0
22.48,7.7,0
39.82,7.9,0
301.8,8.5,0
162.7,8.7,0
267.2,9.9,0
377.7,11.26,0
421.1,12.04,0
544.7,13.52,0
622,14.3,0
610.1,15,0
465.7,14.6,0
474.1,15,0
250.3,15.32,0
446.6,16.06,0
159.4,15.1,0
116.5,14.2,0
69.24,13.86,0
54.6,13.4,0
19.03,13.1,0
0.94,12.7,0
8.55,11.12,0
3.84,11.2,0
25.44,11.4,0
25.59,11.5,0
49.93,11.7,0
59.4,11.8,0
70.72,12,0
71.75,12,0
88,12.2,0
68.29,12.3,0
66.43,12.6,0
79.15,12.7,0
67.13,12.9,0
127.8,13.2,0
78.19,13.4,0
97.8,13.7,0
46.26,13.9,0
57.62,14.2,0
17.49,14.1,0
4.4,14.2,0
75.55,5.6,0
181,6.32,0
102.9,7,0
432.9,8.12,0
190.6,9,0
197.2,10,0
254.6,9.6,0
423.1,10.6,0
573.6,12.8,0
572.6,14.4,0
524.3,14.9,0
241.9,14.54,0
153.4,14,0
149.6,13.7,0
110,13.6,0
102.3,13.3,0
65.81,13.4,0
33.6,13.3,0
8.81,12.6,0
1.25,2.9,0
59.78,3.6,0
155.6,5.36,0
237.5,8,0
315.4,8.7,0
383.6,10.3,0
427.5,11.8,0
457.3,13.3,0
512,14.4,0
526.4,14.9,0
517.7,16,0
502.1,15.92,0
486.2,16.48,0
451.5,16.8,0
391.2,17.2,0
330.4,17,0
270.9,17.7,0
185.1,16.88,0
77.64,16.2,0
14.86,15.1,0
9.78,7.2,0
92.4,7.9,0
171.7,9.76,0
215.5,12.9,0
321.3,13.16,0
382.3,14.1,0
435.4,14.2,0
474.1,15.52,0
498.8,16.2,0
509.7,16.72,0
508.4,17.36,0
490.5,17.62,0
459.9,17.98,0
418.4,18.6,0
362,18.5,0
297.6,18.4,0
225.6,18.3,0
145.8,17.9,0
24.05,17.3,0
1.64,16.6,0
34.64,5.9,0
129.9,8.28,0
200.7,10.84,0
275.6,12.7,0
346.2,15.04,0
399.4,15.2,0
450.2,16.2,0
483.3,16.8,0
503.8,18.46,0
511,19.14,0
503.7,19.74,0
496.6,20.12,0
357,19.98,0
398.1,20.46,0
297.5,20.8,0
216.9,21,0
200.8,20.3,0
137.4,20,0
22.07,18.68,0
0.83,8.66,0
74.05,9,0
137.4,10.7,0
217.8,14.46,0
263.3,14.5,0
345.7,16.1,0
382.6,18.04,0
491.4,19.7,0
494.7,19.34,0
538.9,19.9,0
504.5,20.7,0
566.6,21.18,0
461.6,21.2,0
473.8,21.4,0
373.1,21,0
342.7,21.28,0
246.9,21.78,0
160.2,21.1,0
28.89,20.4,0
4.95,19,0
21.31,5.2,0
104.9,6.2,0
184.4,8.5,0
268.4,11.7,0
343.5,12.6,0
419,13.6,0
486.6,14.72,0
433.3,15.36,0
485.8,16.48,0
319.7,16.26,0
178.3,16.16,0
255.6,16.26,0
226.5,16.48,0
506.3,17.6,0
336.8,17.72,0
266.7,17.5,0
187.8,18,0
127.6,17.4,0
19.52,15.8,0
1.69,13.1,0
3.62,13.2,0
14.84,12.8,0
62.92,12.8,0
49.87,13.3,0
157.2,14,0
152.5,14.06,0
100.9,14.2,0
160.7,12.7,0
211.2,13.5,0
193.2,14.14,0
210,14.92,0
226.6,15.72,0
299.2,16.1,0
136.3,15.4,0
121.3,15.9,0
68.4,16,0
39.16,15.8,0
25.48,15.3,0
1.6,15.16,0
2.94,10.9,0
7.87,11,0
15.09,11.1,0
38.76,11.3,0
46.23,11.5,0
124.3,12,0
182.5,12.98,0
44.05,13.16,0
77.59,11.96,0
71.84,11.3,0
49.54,11.3,0
60.06,11.4,0
58.5,11.1,0
201.4,11.9,0
100.7,12.7,0
117.2,13.3,0
51.78,13.3,0
21.68,13,0
2.15,13.1,0
1.64,11.8,0
35.93,12,0
66.66,12.4,0
120,13,0
195.8,14.56,0
167.7,16.76,0
249.9,17.72,0
452.4,18.36,0
433.9,19.14,0
486.2,20.7,0
526.2,20.96,0
398.8,21.48,0
587.6,21.34,0
274.8,20.28,0
222.2,20.1,0
164,19.42,0
227.8,19,0
161.6,18.1,0
15.98,17,0
1.66,16.1,0
2.2,10.8,0
24.8,10.9,0
19.75,11,0
22.74,11.02,0
92.3,11.3,0
68.54,11.9,0
44.62,12.2,0
16.9,12.3,0
47.77,12,0
123.3,12.2,0
86.4,12.3,0
82.5,12.4,0
35.41,12.6,0
40.34,12.2,0
214.7,12.3,0
86,13.3,0
133.9,13.2,0
7.36,12.9,0
0.96,12.76,0
0.98,14.6,0
43.86,14.7,0
24.47,15,0
66.09,15.6,0
93.5,16.8,0
35.74,16,0
265.5,15.9,0
98.4,17.22,0
283.1,16.92,0
150,16.6,0
102.1,17.2,0
137.4,16.42,0
84.8,17,0
90.8,17.3,0
61.23,17.06,0
9.72,16.1,0
41.98,15.8,0
8.93,16.2,0
0.23,15.6,0
3.71,13.1,0
16.57,12.8,0
55.33,12.9,0
138.4,13.84,0
119.8,14.7,0
430.9,14.9,0
381.6,17.1,0
470.1,18.1,0
481.8,18.46,0
243.6,18.36,0
536.9,18.86,0
179.6,18.62,0
132.7,19.2,0
136.8,19.38,0
172.2,18.98,0
317.3,20.4,0
208.2,19.96,0
158.3,20.02,0
20.08,18.82,0
1.38,17.18,0
10.01,13.3,0
28.84,13.5,0
76.03,14.1,0
83.4,14.9,0
152.7,15.6,0
162.7,16.5,0
254.1,17,0
313.3,17.1,0
200.2,17.5,0
258.5,17.9,0
265.7,18.7,0
221.4,18.6,0
171.6,18.3,0
134.4,18.26,0
133.5,17.9,0
121,18,0
92.4,18.1,0
58.93,17.7,0
12.35,17.4,0
2.88,13.2,0
6.86,13.3,0
48.42,13.4,0
124.3,13.8,0
127.3,14.5,0
252.5,15.42,0
261.6,16.5,0
281.3,17.1,0
489.5,18.66,0
418.3,19.3,0
486.5,19.7,0
459.9,20.34,0
431.9,20.96,0
109.2,20.68,0
88.4,19.9,0
296.7,20.7,0
126.8,19.94,0
105.2,19.2,0
16.74,18.36,0
3.29,9.6,0
44.26,10,0
74.36,10.2,0
173.2,11.64,0
159,12.2,0
304.2,14.22,0
295.3,15.7,0
386.8,17.2,0
424.7,17.9,0
301.6,17.1,0
282.8,17.34,0
369.4,18.2,0
234.9,18.74,0
148.2,18,0
99.8,17.6,0
58.11,17.1,0
73.04,16.7,0
35.07,16.2,0
18.01,15.8,0
3.02,8.6,0
40.32,9,0
51.94,9.42,0
84.6,10,0
95.7,10.94,0
122.4,12.4,0
160.7,14.36,0
161.9,15,0
213.1,15,0
336.7,15.6,0
258.4,16.7,0
329.8,17.1,0
378.3,18.2,0
264.6,18.42,0
223.1,18.2,0
126.6,18.6,0
116.3,18.2,0
56.54,18.1,0
31.8,17.8,0
4.61,16.8,0
15.15,9.7,0
44.33,10.14,0
94.5,10.8,0
133.4,11.9,0
224.6,13.6,0
204.5,15.4,0
213.1,16.7,0
298.8,16.5,0
185.9,15.9,0
149.7,15.88,0
145.2,15.8,0
111.9,16,0
115.7,15.6,0
131.4,15.8,0
128.1,15.5,0
92.8,15.4,0
63.46,15.1,0
27.11,14.6,0
0.88,14.1,0
9.11,9.34,0
21.72,9.1,0
45.53,9.4,0
72.58,9.7,0
159.6,10.3,0
157.1,10.86,0
349.6,11.4,0
124.8,11.8,0
171.5,12.3,0
211.7,13.5,0
215.3,13.5,0
146.5,13.9,0
151.5,13.7,0
138.3,14,0
158.9,14.22,0
61.14,14.3,0
34.31,13.9,0
19.47,13.56,0
0.77,13.3,0
0.69,16,0
2.35,16.06,0
5.62,16.24,0
9.99,14.56,0
16.75,14.5,0
27.21,14.3,0
19.96,13.74,0
49.73,13.5,0
38.48,13.2,0
36.47,13.2,0
17.82,13.4,0
44.25,13.5,0
29.92,13.4,0
14.51,13.28,0
18,12.94,0
11.29,12.6,0
7.79,12,0
2.37,11.74,0
0.06,11.1,0
9,8.5,0
25.11,8.4,0
89.5,8.7,0
62.97,8.9,0
71.97,8.8,0
378.7,10.3,0
204.3,10.7,0
471.4,12.4,0
121,12.38,0
239.9,12.7,0
203.4,12,0
137.3,12,0
101.2,11.4,0
57.57,11.2,0
49.66,11.06,0
39.84,10.2,0
29.28,10,0
13.92,9.8,0
1.28,9.8,0
34.5,7.8,0
119.4,8.6,0
113.8,9.2,0
33.83,9.6,0
169.8,10.06,0
71.75,10.1,0
86.9,9.8,0
83.7,10.5,0
160.3,10.9,0
530.4,11.5,0
250.9,12.2,0
200.6,12.44,0
96.9,12.3,0
110.9,11.9,0
158.5,12.2,0
204.5,13.7,0
49.81,12.5,0
32.3,11.6,0
2.75,10.6,0
10.06,5.2,0
20.11,5.6,0
107.6,6.2,0
126.4,7.4,0
201.2,8.5,0
154.3,9.5,0
623.4,10.8,0
140.2,9.68,0
408.7,9.7,0
291.7,11,0
209.5,10.8,0
126.5,10.96,0
45.3,10.6,0
173.7,11.58,0
107.5,12.7,0
92,12,0
45.4,11.9,0
38.83,11.3,0
2.31,10.9,0
1.74,9.1,0
6.28,9.26,0
8.28,9.5,0
16.2,9.7,0
18.35,9.6,0
28.04,9.6,0
43.81,9.9,0
55.18,9.84,0
108.8,9.9,0
178.1,10.6,0
123.9,11.4,0
44.39,11.32,0
41.17,11,0
41.5,10.74,0
32.05,10.56,0
40.06,9.7,0
20.82,9.7,0
6.16,9.9,0
0.24,9.7,0
29.22,10.5,0
59.97,10.9,0
149.4,11.5,0
214.7,12.36,0
385.4,13.7,0
266.3,13.66,0
454.7,15,0
271.4,14.7,0
459,15.26,0
494,16,0
287.7,15.4,0
695.7,15.54,0
404.9,16.1,0
168.7,15.5,0
194.1,15.48,0
174.7,15.38,0
72.58,14.9,0
28.66,14.4,0
0.5,14.2,0
19.6,9.8,0
38.1,9.9,0
55.55,10.1,0
67.32,10,0
66.93,10,0
245.4,10.18,0
104.7,10.18,0
210.3,10.1,0
133.5,10.5,0
217.3,11.2,0
198.2,11.6,0
116.4,11.7,0
153.7,11.56,0
281.4,11.7,0
109.1,11.88,0
92.3,11.7,0
53.06,11.6,0
18.24,11.5,0
0.75,11.4,0
30.64,9.6,0
67.49,10.1,0
189.2,11.86,0
265.6,13.02,0
370,13.74,0
229.3,13.64,0
400.3,14.18,0
359,14.86,0
178.8,14.4,0
220.7,14.6,0
270.5,14.4,0
237.6,14.64,0
435.7,15.3,0
344.2,15.3,0
284.2,15.94,0
214.1,15.4,0
157.8,14.8,0
28.25,14.28,0
0.76,12.9,0
4.11,12.5,0
8,12.44,0
20.4,11.9,0
22.45,11,0
6.91,10.1,0
15.23,10,0
23.89,9.6,0
33.31,9.9,0
50.33,10.24,0
43.38,10.4,0
16.23,10.5,0
47.19,10.6,0
54.7,11.2,0
70.74,11.52,0
37.42,11.5,0
22.72,11.4,0
6.21,10.9,0
8.04,10.5,0
0.03,10.4,0
7.99,10.7,0
25.93,10.9,0
43.38,11.1,0
39.98,11.2,0
64.8,11.5,0
44.62,11.62,0
126.2,11.9,0
85,12,0
268.8,12.6,0
181.9,13,0
92.6,13.2,0
87.8,13.3,0
114.2,13.3,0
183.4,13.5,0
105.2,13.4,0
85.2,13.3,0
20.05,13.2,0
7.92,13.1,0
0.4,12.8,0
8.47,13.3,0
33.9,13.5,0
54.76,13.9,0
73.88,14.4,0
135.7,14.6,0
82.5,14.9,0
103.6,14.9,0
139.9,15,0
135.9,15.4,0
177,15.7,0
132.5,15.9,0
235,16.34,0
132.5,16.6,0
152,16.52,0
158.3,16.5,0
156.4,16.64,0
122.1,16.48,0
52.54,16.36,0
2.76,15.9,0
16.96,9.1,0
41.76,8.9,0
202.6,9.6,0
274.7,11.1,0
346.6,11.82,0
159.8,12.9,0
547.9,13.54,0
354.6,13.7,0
177.8,13.6,0
157.4,13,0
166.2,13.1,0
154.7,13.5,0
151.3,13.8,0
122.1,13.5,0
112.5,13.6,0
71.25,13.7,0
73.58,13.5,0
30.59,13.4,0
2.32,13,0
38.37,10.9,0
130.5,12.6,0
109.4,12.8,0
265.6,14.5,0
356.3,14.54,0
442.1,15.3,0
479.8,15.74,0
656.2,16.36,0
259.8,16.42,0
464.3,16.64,0
344.2,16.92,0
432.5,17.4,0
403.2,17.2,0
345.5,17.88,0
288.1,17.36,0
224.2,17.3,0
164.8,17.2,0
31.33,16.2,0
1.61,15.18,0
15.32,11.1,0
52.26,11.1,0
67.2,11.46,0
70.86,11.6,0
86.9,11.9,0
42.64,11.1,0
36.25,10.5,0
43.7,10.6,0
73.99,10.7,0
72.61,11.1,0
40.3,11.5,0
59.38,11.74,0
22.91,11.98,0
104.3,12.3,0
64.9,12,0
46.89,11.8,0
26.62,11.8,0
41.1,12.1,0
2.73,11.92,0
38.54,3.3,0
126.8,4.34,0
204.8,5.5,0
278.6,7.08,0
343.7,8.28,0
399.7,9.34,0
443.4,9.92,0
474,10.6,0
489.5,11,0
490.4,12.1,0
478.3,12.56,0
451.4,12.96,0
410.3,13.04,0
357.7,13,0
293.2,13.06,0
223.1,12.88,0
182.4,12.62,0
31.22,12.2,0
1.54,11.68,0
40.38,6.02,0
131.7,7.3,0
211.3,7.92,0
286.7,8.24,0
352.2,8.9,0
408.2,9.62,0
451.1,11.1,0
480.8,11.3,0
497.3,11.82,0
497,12.8,0
483.9,13.1,0
455.4,13.3,0
416.6,13.3,0
363.8,13.4,0
299.2,13.5,0
226.5,13.22,0
185.5,12.8,0
33.38,12.2,0
1.52,11.6,0
13.93,2.68,0
121.2,3,0
152.3,4.7,0
178.5,6.52,0
347.4,8.06,0
424.7,9.94,0
442.4,10.8,0
468.2,11.36,0
487.2,11,0
483.1,12.6,0
473.8,12.5,0
441.2,13.02,0
425,13.72,0
303.2,13.3,0
298.8,13.3,0
208.8,12.92,0
114.1,12.2,0
33.32,10.94,0
1.16,9.6,0
40.03,1.2,0
116.3,3,0
195.6,5.54,0
269,6.74,0
334.3,8.6,0
391.7,10.34,0
435.8,10.5,0
466.8,12,0
483,12.82,0
486.1,13.3,0
472.7,13.5,0
447.2,13.3,0
408.4,13.6,0
352.7,14.2,0
292.9,13.5,0
223.3,13.62,0
167.9,13.4,0
27.84,12.3,0
2.36,11.54,0
10.21,2.82,0
66.98,3.58,0
92.6,4.58,0
164,5.98,0
118.4,7.82,0
89.4,8.2,0
105.7,8.44,0
99.8,8.5,0
137.9,8.3,0
183.2,8.42,0
152.8,8.6,0
133.5,8.5,0
100,8.3,0
101,8.4,0
60.5,8.4,0
45.72,8.3,0
27.09,8.2,0
10.63,8,0
0.61,7.7,0
12.48,1.7,0
26.83,1.7,0
63.54,2.4,0
333.6,4.62,0
338.4,6.5,0
399.8,8.34,0
443.6,12.1,0
480.8,12.2,0
499.4,12.4,0
504.8,11.9,0
498.3,11.92,0
471.5,12.2,0
432,12.3,0
381.4,11.9,0
319,11.58,0
249.3,11.2,0
171.8,10.8,0
44.28,10.26,0
5.75,9.7,0
21.93,0,0
118.9,0.7,0
199.1,1.6,0
276.9,2.6,0
345.5,3.58,0
405.6,5.5,0
451.3,6.4,0
484.3,7.3,0
500.2,8.4,0
507,9.7,0
495.3,9.9,0
472.3,10.42,0
417.4,11,0
386.8,12.12,0
337.1,12.5,0
250,13,0
178.8,12.4,0
46.16,12.2,0
7.93,11.64,0
11.78,-0.8,0
90.3,-0.2,0
166,1.12,0
242.5,3.7,0
309.1,6.8,0
369.4,7.16,0
420.9,7.5,0
450.5,8.28,0
478.8,8.5,0
492.4,9.32,0
479.5,9.74,0
454.6,10.12,0
421.1,10.3,0
373.5,10.2,0
314.7,10.4,0
248.1,10.42,0
171.2,10.12,0
109.3,9.44,0
14.53,8.4,0
7.05,-1.7,0
84.2,-0.96,0
162.8,1.92,0
242.5,4.46,0
314.4,6,0
389,7.52,0
425.6,7.26,0
451.7,8.2,0
484.5,8.8,0
489.7,9.5,0
485.2,9.7,0
466,10.02,0
432.5,10.5,0
385.7,10.9,0
325.2,10.8,0
256.2,11,0
180.4,10.6,0
127.3,10.24,0
26.46,9.4,0
3.54,-0.4,0
69.35,0.3,0
150.9,1.6,0
236.9,5.1,0
277.2,7.46,0
374,7.4,0
410.3,8.14,0
446.8,9.2,0
471.8,9.98,0
483.5,11,0
479.7,11.74,0
460.6,11.8,0
430.2,12.7,0
385,12.9,0
331.6,13,0
265.1,13,0
190.5,12.9,0
113.1,12.4,0
25.18,11.6,0
1.18,3.1,0
9.49,3.3,0
20.12,4.34,0
54.86,5.7,0
163.5,5.6,0
210.1,6.4,0
220.3,7.1,0
300.7,8.1,0
274.7,9.02,0
327.9,10.34,0
425.7,11,0
459.1,10.7,0
445.3,11.68,0
402.7,12.58,0
313.6,12.9,0
212.6,13.4,0
114.4,13.56,0
152.8,13.3,0
31.54,12.7,0
4.25,11.9,0
26.31,3.9,0
120.8,4.82,0
193.6,7,0
288.1,8.64,0
315.3,9.42,0
352.8,10.84,0
343.4,12,0
370.6,12.7,0
445.1,13.3,0
376.5,13.48,0
461.4,14.1,0
290.9,14.16,0
304.9,14.7,0
334.7,15.6,0
263.7,15.48,0
191.3,14.54,0
179.6,15,0
39.79,14.1,0
2.78,12.8,0
17.84,4.6,0
117.9,6.32,0
193.1,9,0
268.2,10.82,0
331.6,11.54,0
388.3,12.1,0
434.6,14,0
467.6,14.72,0
486.9,15.82,0
491.1,16.6,0
482.2,17,0
458.6,17.2,0
423,17.3,0
373.7,16.8,0
314,16.84,0
246.3,17.1,0
172.6,17.4,0
106.8,17,0
10.5,16.4,0
5.66,4.4,0
91.5,5.2,0
170.1,7.8,0
248.9,9.9,0
320,12.82,0
382.2,13.8,0
431.1,15.04,0
467.6,16.7,0
491.4,17.88,0
499.1,17.5,0
495.4,18.6,0
475.4,19,0
442.1,19.68,0
395.5,19.9,0
339.7,20.1,0
272.8,20.1,0
197.9,19.9,0
115.4,19.2,0
15.83,18.08,0
5.48,7.4,0
47.1,7.8,0
77.96,9,0
208.8,10.48,0
274.6,12.9,0
377.4,13.5,0
425,14.44,0
472.9,15.9,0
521.9,18.16,0
502.8,18.2,0
346.3,18.9,0
310.9,18,0
240.4,17.5,0
517.6,17.9,0
354.3,18.86,0
325.7,18.6,0
236.7,18.6,0
206.2,18,0
69.34,17,0
3.4,15.3,0
22.42,9.42,0
40.02,9.9,0
68.24,10.3,0
101.8,11.4,0
125,12,0
134.8,12.36,0
112,12.7,0
142.8,12.9,0
152.2,12.9,0
160.8,13.3,0
157.6,13.8,0
131.6,13.94,0
136.2,14.3,0
143.3,14.7,0
89.9,14.4,0
85.9,14.1,0
40.42,13.8,0
20.85,13.8,0
7.02,13.02,0
5.26,8,0
47.12,8.38,0
76.71,9.1,0
88,10.2,0
78.09,10.9,0
259.3,12.34,0
345.4,13.9,0
277.9,14.66,0
518.6,15.42,0
533.3,15.88,0
307.7,16.4,0
425.9,17.36,0
362,17.3,0
272.4,17,0
286.9,17.14,0
163.7,17.32,0
225.1,17.5,0
65.13,17.4,0
29.37,16.1,0
3.9,7.46,0
18.49,6.7,0
97.6,7,0
174.1,9.1,0
269.4,10.5,0
332.4,12.12,0
389.6,13.1,0
428.4,14.28,0
463.5,15.22,0
490.2,16.14,0
415.1,16.52,0
457.6,17.6,0
421.7,17.7,0
436.8,17.8,0
334.3,17.96,0
210.4,17.76,0
166.4,17.1,0
114.8,16.4,0
61.71,16.1,0
4.8,14.74,0
14.82,7.3,0
90.9,7.8,0
259.2,8.92,0
271.6,10.94,0
267.5,12.8,0
304.3,12.78,0
266.8,13.3,0
447.4,13.7,0
456.3,14.8,0
476.5,15.6,0
475.2,15.9,0
460.4,16.34,0
451,16.7,0
154,16.22,0
126.6,15.54,0
94.2,15,0
86.5,14.8,0
127.1,14.5,0
28,14.5,0
3.84,7.2,0
26.19,6.9,0
105.2,8.66,0
87.8,8.6,0
139.5,8.3,0
228.5,9.24,0
223.7,10,0
275.5,11.4,0
210.3,11.7,0
590.3,13.3,0
510.2,13.8,0
525.2,14.46,0
469.8,15.22,0
424.2,15.28,0
369.6,15.46,0
305.8,14.4,0
233.9,14.76,0
150.7,14.7,0
54.74,13.9,0
7.25,12.76,0
14.84,5.5,0
82.9,5.88,0
161.4,7.4,0
244.1,9.88,0
308.7,11.9,0
373.5,12.22,0
420.8,12.4,0
472.9,12.9,0
493.5,13.2,0
503.8,13.54,0
509.8,13.96,0
484,14.1,0
451.7,14.44,0
405.6,15,0
342.8,15.6,0
303.7,15.6,0
115,15.64,0
76.37,14.7,0
36.04,13.8,0
8.45,1.6,0
98.9,2.12,0
84.8,3.78,0
97.2,5,0
225,7.54,0
365.5,10.5,0
473.3,13,0
556.2,14.38,0
266.8,14.84,0
350,14.1,0
493,14.6,0
435.6,16.06,0
378.9,15.44,0
530.7,17.04,0
229.9,17,0
258.9,15.6,0
169.3,14.8,0
75.03,14.28,0
31.08,12.26,0
7.65,11.9,0
2.02,5.6,0
24.03,5.9,0
25.57,6,0
72.62,6.5,0
231.3,7,0
295.1,7.96,0
170.8,9.62,0
485.4,10.34,0
233.5,11.6,0
229,11.5,0
280.7,12.82,0
360.5,13.16,0
309.6,13.3,0
211.7,13.1,0
158.6,13.8,0
190.6,13.86,0
160.5,13.44,0
38.74,12.78,0
10.49,11.8,0
1.25,11.5,0
12.17,7.4,0
18.12,7.6,0
37.05,7.8,0
30.24,8.2,0
36.53,8.3,0
79.5,8.5,0
87.9,8.68,0
161.5,9,0
153.6,9.3,0
95.4,9.6,0
95,9.7,0
211.4,10.16,0
196.9,10.44,0
155.2,10.94,0
122.8,10.84,0
87.2,10.8,0
98.3,12.4,0
62.4,11.5,0
21.08,10.76,0
1.33,6.6,0
9.19,6.4,0
38.23,6.6,0
79.84,6.6,0
107.2,6.9,0
129.5,7.1,0
127.5,7.3,0
170.5,8.04,0
192.3,8.06,0
236.1,8.7,0
202.5,9.1,0
176.9,9.5,0
207.6,9.5,0
147.1,9.86,0
251.6,10.4,0
385.5,10.98,0
271.2,11.8,0
100.5,10.7,0
49.24,10.4,0
15.98,10.2,0
0.54,8.8,0
9.07,8.9,0
17.56,9.1,0
35.96,9.3,0
64.2,9.7,0
93.2,9.8,0
92.7,10,0
117.3,10.4,0
160,10.9,0
156.3,11.4,0
92.5,11.4,0
112.4,12,0
95.7,12,0
135,12.3,0
90.3,12.8,0
81.6,12.8,0
62.64,12.4,0
38.09,12.5,0
23.37,12.1,0
4.51,11.9,0
0.55,9.9,0
9.33,9.8,0
10.46,9.9,0
37.03,10.1,0
28.95,10.4,0
43.43,10.5,0
63.24,10.7,0
62.87,10.8,0
74.93,10.6,0
59.61,10.46,0
66.9,10.5,0
71.31,10.6,0
67.86,10.72,0
74.1,10.9,0
67.74,10.9,0
76.91,11.2,0
61.68,11.2,0
47.98,11.4,0
30.91,11.3,0
5.71,10.9,0
8.87,8.9,0
67.23,9.1,0
108.2,9.4,0
213.7,10.2,0
337,11.2,0
194.6,10.64,0
208,11,0
489.7,11.4,0
301.6,12.18,0
598.2,12.26,0
665.2,12.82,0
489.5,14.4,0
301.1,13.2,0
434,13.22,0
384.5,13.72,0
312.7,13.8,0
231.6,13.6,0
153.3,12.9,0
65.9,12.4,0
4.59,11.3,0
8.35,7.1,0
31.83,7,0
32.48,7.4,0
93.1,7.88,0
135.3,8.1,0
217.2,8.6,0
222.1,9.1,0
196.8,9.5,0
220.5,9,0
226.9,9.4,0
218.5,9.8,0
447.2,10.98,0
218.8,11.8,0
266.2,12.9,0
174.6,11.8,0
154.6,11.7,0
337.4,12.16,0
170.8,13.1,0
84.7,12.54,0
3.17,11.8,0
4.33,7.2,0
17.78,7.4,0
36.1,7.6,0
52.66,7.6,0
66.21,7.74,0
84.8,7.9,0
111.2,8,0
117,8.46,0
189,8.9,0
254.7,10,0
241.9,10.14,0
509.8,12.04,0
479.2,12.8,0
424.8,13.2,0
372.1,14.9,0
302.7,15.1,0
230.4,15.02,0
146,13.9,0
83.4,13,0
3.37,11.9,0
6.55,5.7,0
19.23,5.6,0
31.55,5.3,0
45.78,5.5,0
94.2,5.5,0
96.2,5.68,0
130,5.76,0
134.1,6.1,0
167.6,6.22,0
187.2,6.52,0
302.4,7.06,0
566.2,9.28,0
485.9,10.64,0
444.4,11,0
389.3,11.54,0
318.7,11.4,0
243.7,11.6,0
160.9,11.7,0
134,10.58,0
7.01,9.7,0
5.49,4.3,0
31.39,4.6,0
57.09,4.5,0
95.8,4.5,0
199.5,4.9,0
274.9,5.4,0
260,6.1,0
512.1,7.66,0
540.3,9.9,0
551.7,12.46,0
548.7,13.82,0
533,14.46,0
504.2,15.04,0
459.5,15.54,0
405.2,16.04,0
339.1,17.06,0
266,17.38,0
184.9,17.4,0
129.9,16.1,0
15.51,14.3,0
8,6,0
41.06,7.2,0
59.44,8.1,0
102.6,8.4,0
215.5,9.7,0
295.3,10.3,0
291.5,10.98,0
347.7,13.5,0
428.2,13.4,0
295.1,13.6,0
668,15.26,0
597.3,17.02,0
507.1,17.54,0
482.8,18.2,0
465.5,18.46,0
416.3,18.7,0
342.5,19.56,0
101.4,19.06,0
51.74,17.8,0
13.17,16.56,0
0.47,11.6,0
11.32,12.1,0
20.83,12.5,0
34.38,12.7,0
54.91,12.9,0
96.2,13.8,0
117.4,14.3,0
142.5,15.4,0
182.4,15.5,0
231.2,16.1,0
229,16.34,0
234.1,16.5,0
280.1,16.6,0
333.1,18.32,0
422.4,19.12,0
391.6,19.72,0
118.4,18.04,0
90.3,17.8,0
70.99,17.54,0
42.3,16.82,0
6.6,16.2,0
54.3,5.5,0
138.6,7.48,0
225.1,9.72,0
300.8,10.3,0
373.2,11.24,0
432.7,11.64,0
481.6,12.7,0
518.9,13.4,0
542.1,14.8,0
552.7,15.68,0
545.9,16,0
526,16.98,0
491.4,16.76,0
445.4,16.7,0
379.6,17.8,0
335,18.78,0
119,17.5,0
142.6,16.78,0
64.03,16.34,0
5.14,14.9,0
21.64,7.2,0
36.64,7.2,0
66.72,7.8,0
206.8,8.98,0
287.5,12,0
442.2,14.3,0
492.9,14.4,0
522.4,15.78,0
425.7,16.8,0
574,17.6,0
566.1,18.3,0
545,19.1,0
508.8,19.8,0
464.4,20.1,0
410.9,20.62,0
345.8,20.4,0
271.3,20.8,0
193,20.1,0
138.3,19.3,0
26.41,18.3,0
2.25,4.9,0
74.51,5.9,0
156.5,8.6,0
239.3,10.4,0
317.7,12.2,0
385.9,12.7,0
447.3,14.22,0
497.8,14.36,0
529.3,16.06,0
548.3,16.4,0
553.5,17.4,0
545.8,17.66,0
520.7,18.3,0
484.6,18.22,0
435.1,18.7,0
375.7,18.62,0
303.1,19.3,0
227.8,19.7,0
145.9,19.6,0
58.9,19.3,0
1.64,18.24,0
31.63,7.3,0
140.9,8.6,0
231.9,9.9,0
318.2,12.1,0
396.9,12.7,0
462.1,14.86,0
515.4,16.98,0
557.7,18.1,0
584.5,18.6,0
596.2,20.22,0
593,22.18,0
578.2,22.7,0
546.3,23.28,0
501.9,23.5,0
442.2,22.66,0
372.5,22.8,0
291,22.5,0
206.3,22.3,0
127.5,21.8,0
24.33,21.1,0
4.94,7.2,0
65.77,7.6,0
199.6,9.54,0
98.2,10.3,0
271.3,11.68,0
335.4,14.4,0
336.9,16.8,0
644.1,17.2,0
290.5,17.5,0
399.4,18.12,0
395.4,18.6,0
345.7,18.2,0
462.4,18.7,0
365.3,18.9,0
401.1,18.92,0
379.9,18.9,0
261.8,19.06,0
143.3,19.4,0
118.3,19.1,0
46.96,18.3,0
3.18,17.1,0
22.21,7.38,0
120.7,8.4,0
137.6,11.1,0
239.1,12.58,0
345,13.24,0
212.4,13.7,0
260.2,14,0
456.7,16.42,0
369.3,17.08,0
364,17.56,0
618.7,18.9,0
470,19.46,0
334.6,19.82,0
338.7,20.2,0
264.1,20.3,0
174.7,20.24,0
140.8,19.7,0
140.1,19.4,0
68.65,18.9,0
35.39,18.2,0
1.74,7.48,0
40.84,8.2,0
60.26,8.9,0
81.7,9.8,0
332.8,11.32,0
338.3,14.42,0
431.3,16.36,0
503.7,17.62,0
522.6,17.96,0
545.2,19.2,0
585.3,19.2,0
593.4,19.34,0
424.1,20.4,0
462.5,21,0
360.4,20.2,0
236,20.3,0
178.2,19.6,0
126.6,19.3,0
119.1,19.7,0
47.3,18.6,0
18.09,17.5,0
4.9,8.6,0
89.6,9.38,0
154.6,9.64,0
205.7,11.7,0
146.1,12.54,0
194.7,13.14,0
498.8,17.12,0
447.5,17.9,0
636.4,18.2,0
535,19.64,0
363,19.78,0
454.3,20.22,0
324.6,19.8,0
270,19.8,0
314.5,20,0
194.9,20.4,0
211.7,19.7,0
144.8,19.6,0
146.6,19.2,0
58.28,19.34,0
9.14,17.98,0
14.81,8.92,0
148.8,9.4,0
216.4,11.3,0
99.5,12.8,0
143.3,13.1,0
241.8,14.3,0
292.6,14.9,0
237.9,14.8,0
225.5,16.2,0
274.6,17.02,0
192.7,16.8,0
183.1,16.2,0
213.9,16.4,0
235.5,16.8,0
186.7,16.5,0
140.1,16.24,0
84.4,15.7,0
77.44,15.52,0
42.63,15.2,0
11.74,14.6,0
1.26,14.3,0
7.85,14.3,0
16.47,13.9,0
30.1,13.7,0
32.07,13.18,0
7.96,12.9,0
56.97,13.2,0
19.36,13.7,0
52.92,14.38,0
37.52,15.36,0
18,16.3,0
15.4,13.76,0
30.3,13.36,0
26.86,13.28,0
26.02,13.4,0
45.14,13.1,0
46.22,13.4,0
28.48,13.8,0
13.56,14.1,0
10.75,14.9,0
3.61,14.7,0
0.02,13.2,0
8.85,13.9,0
74.84,14.1,0
136.8,14.7,0
86.6,15.1,0
170.3,15.5,0
190.7,16.2,0
159.2,16.5,0
68.66,15.82,0
120.3,14.9,0
214.3,14.6,0
304.7,15.5,0
370.8,16.58,0
285.4,16.88,0
130.5,17.6,0
84.4,17.2,0
68.49,16.86,0
467.7,16.44,0
89.8,17.04,0
55.79,17,0
19.41,16,0
1.69,15.9,0
11.03,13.6,0
30.49,13.4,0
30.11,14.2,0
7.03,14.2,0
14.14,14.1,0
12.04,14.5,0
93.3,14.7,0
175.8,15.8,0
49.4,16.5,0
21.4,16.12,0
134.4,15.5,0
144.6,15.38,0
48.34,15,0
38.72,14.38,0
39.52,14.3,0
34.07,14.4,0
20.36,14.8,0
92.6,15.1,0
11.61,14.9,0
30.65,14.8,0
1.16,14.9,0
12.25,12.7,0
65.55,12.9,0
279.5,14.12,0
211.6,14.54,0
189.3,14.54,0
460.9,15.9,0
515.4,16.7,0
380.4,17.6,0
187.2,16.72,0
744.4,18.8,0
343,18.62,0
707.7,18.4,0
397.5,19.28,0
330,18.96,0
226.5,18.7,0
122.6,19.54,0
99.6,18.8,0
44.47,18.5,0
138.4,17.1,0
36.04,17.9,0
5.69,16.92,0
24.07,6.3,0
137.3,7.9,0
223.7,9.9,0
281.6,11.2,0
399.7,11.3,0
492.5,12.1,0
555.8,13.2,0
463.6,13.86,0
387,13.88,0
722.8,14.48,0
484.7,14.6,0
592,14.36,0
403.2,15.52,0
361.3,15.3,0
225,15.86,0
476.7,16.04,0
388.4,15.48,0
262.3,15.8,0
232.4,16.2,0
66.55,15.8,0
23.4,14.56,0
11.61,6.2,0
95.8,7.2,0
214.8,8.98,0
266,12.8,0
352.8,12.6,0
290.4,13.64,0
514.2,14.74,0
572.3,15.86,0
603.3,16.94,0
552.3,17.24,0
450.3,18.4,0
688.2,18.22,0
607.6,19.3,0
662,20.1,0
317.1,19.4,0
265.8,18.74,0
234.3,19,0
130.8,19.2,0
108,18.3,0
56.76,17.7,0
20.82,16.4,0
1.59,7.1,0
64.28,8,0
170.1,9.52,0
260.6,11.5,0
351.7,14.26,0
429.5,15.58,0
514.1,16.1,0
580.5,18.1,0
518.2,17.3,0
660,18.8,0
650.9,19.8,0
603,20.68,0
633.1,20.24,0
571,21.2,0
523.6,21.68,0
502.5,22.8,0
377.5,22.76,0
353.4,21.9,0
206.5,21.36,0
108.9,20.42,0
60.22,19.7,0
2.18,18.32,0
39.48,7.5,0
117,9.8,0
228.6,12.9,0
316.2,15.6,0
397.4,17.46,0
472,18.12,0
530.1,18.3,0
580.4,20.2,0
616.8,20.9,0
637.5,22.2,0
643.5,23.36,0
634.8,24.24,0
618.3,23.6,0
555.4,24.44,0
515.4,24.76,0
500,24.88,0
400.6,25.4,0
347.9,24.78,0
223,23.7,0
79.39,21.76,0
17.61,20.4,0
3,9.9,0
98.8,9.6,0
237.7,10.72,0
293.4,12.68,0
304.8,14.6,0
447.4,16,0
512.2,17.2,0
565.7,17.9,0
608.4,19,0
635.8,20.4,0
652.1,21.1,0
650.6,22.7,0
634.7,23.36,0
604,23.7,0
559.3,23.5,0
499.3,24.1,0
429.6,24.2,0
348,24,0
261.7,23.6,0
170.8,23,0
88.4,22.4,0
1.58,20.84,0
23.23,8.5,0
131.6,9.82,0
225.9,11.8,0
314.5,14.3,0
401.5,16.4,0
482.5,18,0
539.3,18.4,0
427,19.1,0
603.7,20.08,0
665.1,20.9,0
661.1,21.94,0
676.2,22.5,0
397.5,23.1,0
628.5,23,0
289.1,22.9,0
447.5,22.5,0
266.3,22.48,0
150,22.98,0
132.7,22.02,0
102.3,20.5,0
39.51,19.5,0
2.5,10.4,0
41.57,10.5,0
160.2,11.9,0
253.7,14.76,0
344.8,16,0
424.7,16.8,0
494.7,18.28,0
553.4,18.84,0
603.5,19.1,0
611.6,19.58,0
583.7,20.64,0
659.8,21.36,0
641.7,21.5,0
611.8,22.6,0
571.3,22.44,0
518.8,23.2,0
448.5,23.2,0
366.1,23.2,0
312.7,23,0
195.1,22.4,0
76.24,21.8,0
26.43,20.98,0
5.56,8.1,0
38.51,8.9,0
68.78,9.5,0
92.3,9.8,0
113.3,10.34,0
125.2,10.5,0
181.9,11,0
194,11.3,0
163.3,11.2,0
216.7,12.06,0
236.8,12.5,0
224.8,13.2,0
273.9,13.68,0
453.1,14.6,0
532.6,15.7,0
482.7,16.3,0
412.2,16.88,0
340.7,17.34,0
252.7,17.3,0
155.5,17.4,0
70.48,16.78,0
5.64,15.9,0
8.2,10.16,0
23.88,10.1,0
43.47,10.4,0
71,10.58,0
70,10.8,0
101.3,10.8,0
113.6,11,0
132.1,11.6,0
168.7,11.7,0
246.4,12.9,0
356.6,14.16,0
661.2,15.38,0
637.4,16.62,0
601,18,0
544.1,18.1,0
488.3,18.16,0
417.8,17.9,0
338.4,17.7,0
250.7,17.7,0
158.1,17.3,0
65.68,16.7,0
1.04,14.8,0
22.29,9.1,0
56.09,9.5,0
118.5,9.9,0
150.3,10.48,0
143,10.9,0
161,10.7,0
468.3,11.64,0
305,12.3,0
241.8,12.2,0
309.8,12.58,0
378.2,13.7,0
316.9,13.88,0
307.4,14.5,0
291,14.6,0
377.2,14.7,0
358.7,14.32,0
184.2,14.7,0
193.7,13.9,0
250.3,14.04,0
147.2,13.7,0
53.56,13.2,0
5.37,11.9,0
8.72,9.4,0
24.9,9.4,0
44.91,9.6,0
51.34,9.6,0
63.22,9.86,0
111.1,10,0
95.2,10.5,0
107.9,10.64,0
108.3,10.9,0
137.6,11.8,0
129.1,11.78,0
214,12.2,0
381.5,13.1,0
704.4,15.32,0
571.1,15.88,0
499,15.24,0
422.4,16.16,0
336.2,16.54,0
248.9,16.56,0
154.1,15.26,0
62.52,14.42,0
6.04,12.96,0
9.47,7.5,0
34.19,7.5,0
59.72,7.8,0
89.9,7.9,0
104.6,7.9,0
154.8,8.22,0
131.9,8.54,0
147.7,8.9,0
142.3,9.2,0
118.1,9.8,0
113.5,10,0
111.4,10.1,0
110.7,10.3,0
134.7,10.6,0
112.5,10.44,0
99.2,10.6,0
91.8,10.88,0
67.85,11.1,0
55.8,11.3,0
38.62,11.5,0
51.14,11.5,0
1.5,10.8,0
17.65,7.3,0
17.83,7.7,0
34.28,7.3,0
156.2,7.5,0
421.1,8.7,0
485.8,10.64,0
550.1,12.4,0
612.9,14.02,0
658.6,15.32,0
689.5,17.2,0
440.8,18,0
680.1,19.82,0
661.3,20,0
628.7,19.46,0
578.4,19.84,0
516.9,20.6,0
446.6,20.76,0
366.2,20.4,0
274.7,19.72,0
181.4,19.1,0
87.5,18.36,0
10.45,17.4,0
12.5,5.3,0
47.13,5.6,0
208.8,7.52,0
337.3,11.9,0
408.9,13.96,0
491.4,15.7,0
559.6,16.4,0
614.9,14.9,0
658.6,15.86,0
688.9,16.6,0
703.2,17.32,0
699.6,18.4,0
683.9,18.74,0
652.7,19.4,0
607.2,19.96,0
548.1,19.52,0
478.2,19.44,0
395.2,19.36,0
300.4,18.88,0
207.9,16.9,0
112,16.4,0
11.21,15.88,0
7.46,1.9,0
108.9,3.2,0
204.4,5.6,0
301.8,7.24,0
395.5,10.8,0
480.5,12.1,0
552.7,13.56,0
612.3,13.9,0
660.8,14.54,0
691.4,16.22,0
706.6,15.94,0
705.6,15.88,0
693.5,16.36,0
664.7,15.9,0
623.2,16.76,0
566.6,16.62,0
495.6,17.64,0
418.1,17.24,0
333.2,17.52,0
242.7,16.64,0
108.6,16.1,0
53.39,15.4,0
5.38,5.2,0
64.23,5.4,0
164,6.9,0
265.1,8.76,0
361.3,11.74,0
436.5,13.4,0
523.2,14.5,0
587.5,14.72,0
636.5,15.96,0
677.9,16.7,0
698.7,17.42,0
700.8,18.3,0
695.7,18.26,0
660.6,18.68,0
684.2,18.9,0
454.5,18.7,0
422.4,18.9,0
173.7,17.9,0
286.7,17.9,0
238.7,18.06,0
74.68,17.5,0
24.04,16.66,0
3.28,15.7,0
19.38,6.98,0
117.5,7.9,0
213.2,10.6,0
289.6,12.64,0
386,14,0
477.4,14.14,0
546.1,14.84,0
587.7,15.92,0
656.3,16.58,0
699.5,17.2,0
742.7,17.68,0
236.3,17.44,0
698.8,18.78,0
663.3,19.82,0
611.8,20.7,0
553.4,21.48,0
487.4,21.5,0
407.8,22.2,0
323.6,22.1,0
208.6,21.6,0
120.3,21,0
14.75,20.4,0
1.2,8,0
75.07,7.8,0
169.2,9.6,0
265.3,10.8,0
358.2,12.3,0
441.8,13,0
521.7,14.6,0
552.4,14.34,0
635.1,14.62,0
680.9,15.16,0
742.9,15.42,0
765.5,16.8,0
756.4,17.3,0
747.4,17.78,0
708.2,18.26,0
553.6,18.1,0
541.8,18.6,0
484.2,18.34,0
373.1,18.5,0
35.67,16,0
26.88,15,0
159.2,14.5,0
26.06,14.14,0
3.42,8.56,0
13.48,8.8,0
62.14,9,0
98.1,9.42,0
214.2,9.8,0
182.2,10.48,0
116.8,10.4,0
256,10.6,0
251.8,11.1,0
232.3,10.4,0
329.5,10.3,0
436.4,11.48,0
443.8,12.5,0
724.5,13.4,0
836,13.6,0
470.1,13.9,0
402.8,14.58,0
213.5,14.28,0
350.3,14,0
307.1,15.34,0
145.8,13.9,0
89.1,13.88,0
3.84,12.6,0
11.06,4.44,0
152.6,5.04,0
244.5,8,0
338.9,10.26,0
426.8,11.34,0
507.3,12.36,0
577.7,13.42,0
633.8,13.84,0
677.5,14.32,0
706.3,15.2,0
721.6,15.7,0
715.6,16.5,0
702.5,16.38,0
670.8,17.1,0
626.1,17.7,0
564.1,18.08,0
500.5,18.62,0
414.5,18.88,0
320.9,18.8,0
226.2,18.48,0
131.6,18,0
22.83,17.4,0
1.86,8.8,0
66.39,9.1,0
117.9,9.7,0
178,10.1,0
244.8,10.56,0
231.1,10.9,0
303.6,11.42,0
351.2,12.8,0
437,13.2,0
682.2,14.3,0
409.8,14.2,0
673.2,15.9,0
774.9,16.46,0
691.4,15.9,0
683.6,16.44,0
133.6,16.1,0
690.2,15.84,0
176.6,14.3,0
147.6,13.7,0
45.33,13.9,0
34.67,13.7,0
23.55,13.8,0
11.8,13.7,0
5.16,4.9,0
84.3,6.3,0
185.2,7.7,0
283.6,8.8,0
378,10.6,0
460.3,11.4,0
541.4,12.44,0
605.3,13.64,0
659.1,14.54,0
697.6,14.76,0
720.7,14.8,0
731.9,15.7,0
731.1,16.2,0
709.9,16.64,0
667,18,0
617.4,17.62,0
556.2,18.18,0
473.1,18.14,0
396.6,18.5,0
315.5,18,0
221,18.1,0
111.2,17.4,0
15.23,16.6,0
6.95,4.36,0
76.48,4.4,0
203.6,6.74,0
300.9,10.26,0
396.5,12.2,0
481.5,13,0
557.9,13.76,0
624,14.66,0
676.3,15.22,0
714.7,15.58,0
743.9,16.56,0
745.4,16.32,0
740.2,17.88,0
719.3,17.9,0
680.8,18.58,0
631.1,18.12,0
559.6,18.84,0
485.6,19.04,0
399.1,18.74,0
307.3,18.48,0
209.9,18.44,0
111.2,17.22,0
13.81,16.3,0
8.86,6.22,0
98.5,6.2,0
196.4,8.66,0
291.3,11.3,0
386.5,13.82,0
475.9,15.14,0
555.5,16.56,0
622.5,17.46,0
681.5,18.6,0
721.4,19.4,0
743.4,20.34,0
746.9,20.6,0
740.2,20.44,0
729.5,21.3,0
683.3,21.36,0
629.2,21.7,0
567.2,22.2,0
493.6,21.3,0
409.1,22.04,0
314.8,22.2,0
217.6,21.2,0
117,20.1,0
15.08,19.02,0
5.73,5.5,0
98.4,5.5,0
197.7,8.44,0
299.1,11.12,0
396,12.7,0
483.6,15.22,0
562.9,16.34,0
630.9,16.7,0
685.3,18.1,0
726.4,19,0
753.8,20.68,0
763.7,21,0
758.5,21.5,0
736.1,21.74,0
698.1,21.9,0
646.4,21.74,0
582.5,22.42,0
508.5,22.8,0
420.5,22.7,0
326.1,22.6,0
229.2,22.1,0
129.6,21.9,0
22.72,21,0
2.12,5.82,0
78.15,5.8,0
173.4,8.82,0
273.8,12.6,0
370.8,15.2,0
460.5,16.98,0
541.3,17.82,0
615,19.4,0
669.1,19.5,0
712.5,21.04,0
741.6,21.18,0
755.1,21.36,0
753.7,22.5,0
736.2,23,0
641.1,23.44,0
651.6,24.02,0
589.4,24.34,0
511.5,24.68,0
432.2,23.4,0
338.8,22.98,0
245.9,22.64,0
134.7,22.2,0
55.03,21.26,0
5.42,19.2,0
59.48,6.68,0
154.8,8.24,0
172.7,12,0
360,14.38,0
450.4,17.32,0
539,18.1,0
569.6,19.56,0
620.6,20.4,0
649.6,21.5,0
731.5,22.6,0
788.7,23.6,0
791.7,23.8,0
635.5,23.8,0
713.9,24,0
585.1,24.12,0
641.9,24.8,0
595.7,24.88,0
517.8,25.06,0
389.4,24.76,0
288,24.44,0
183.9,23.7,0
87.9,23,0
7,21.9,0
17.7,7.3,0
120.9,8.3,0
223.5,11,0
322.5,12.1,0
418.1,13.76,0
507.5,15,0
583.7,16.9,0
649.3,17.34,0
701.9,19.5,0
740.6,20.3,0
766.6,20.84,0
774.7,22.26,0
764,22.8,0
740,22.82,0
697.9,23.46,0
634.4,24.08,0
583.8,22.88,0
506,22.6,0
416.3,23,0
319.3,22.96,0
221.4,22.06,0
124.8,21.8,0
27.75,20.8,0
3.73,11.5,0
70.63,11.62,0
111.1,12.34,0
256.6,13.74,0
359.6,16.8,0
357.1,20,0
442.2,21.2,0
598.7,22.2,0
762.7,22.48,0
767.2,22.92,0
794.3,23.74,0
484.8,23.2,0
405,23.86,0
481.4,23.7,0
504.5,23.72,0
503.6,23.6,0
284.7,23.78,0
201.9,23.18,0
204.9,23.54,0
137.6,23,0
108.1,22.5,0
53.49,22.1,0
28.98,21.6,0
1.55,20.56,0
2.34,14,0
11.76,13,0
14.88,12.5,0
23.44,12.4,0
36.96,12.5,0
140.5,12.92,0
158.7,13.4,0
122.5,14.06,0
120.1,14.8,0
226,14.9,0
150.8,15.2,0
164.2,15.7,0
183.2,16.5,0
306.8,17.7,0
356.1,18.5,0
399.3,18.6,0
221.9,19.1,0
192.2,18.2,0
156.8,17.3,0
153.7,17.3,0
137.9,17.46,0
67.4,17.1,0
12.36,16.9,0
1.13,9.2,0
79.81,8.8,0
175.2,9.48,0
274.1,11.4,0
372.5,12.2,0
464,13.06,0
518.1,14.4,0
612.2,15.46,0
677.6,17,0
731.1,18.58,0
757.4,19.4,0
769.4,20.4,0
778.9,21.4,0
739.8,22.58,0
691.4,22.6,0
684.6,23.54,0
594.6,24.2,0
510.7,24.3,0
442.6,24.32,0
278.9,23.8,0
224.7,23.7,0
139,23.6,0
67.48,23.2,0
14.43,22.3,0
11.89,14.4,0
60.22,13.8,0
152.9,14.78,0
311.9,16.2,0
383.7,17.5,0
487.5,19.64,0
564.5,20.14,0
633.5,21.36,0
693.2,21.9,0
735.7,22.7,0
764.2,23.18,0
813,23.82,0
395,24.1,0
362.6,24.52,0
573.4,24.04,0
581.6,24.86,0
610.2,24.38,0
450.2,25.18,0
257.2,25.4,0
215.8,24.7,0
210.8,24.6,0
77.03,24.1,0
37.12,23,0
1.24,21.8,0
36.43,13.7,0
89.6,15.16,0
132.6,15.7,0
362,19.24,0
580.5,21.5,0
278.4,23.12,0
255.2,21.9,0
449.6,23.56,0
564.1,25.5,0
813,25.36,0
767.7,26.5,0
662.1,26.84,0
738.9,27.98,0
751.3,29,0
757.8,28.88,0
752.4,29.08,0
533.5,29.4,0
586.6,28.52,0
389.4,29.18,0
259.4,28.48,0
192,28.26,0
56.44,26.9,0
30.58,25.42,0
2,23.12,0
19.82,16.3,0
76.98,16.22,0
113.2,16.2,0
320.6,18.26,0
467.1,18.98,0
331.6,21.1,0
554.1,22.9,0
588,23.46,0
789.3,24.12,0
634.9,24.46,0
381.6,23.76,0
732.6,25.28,0
802,24.9,0
740.9,26,0
626.6,25.2,0
678.4,24.5,0
437.4,24.5,0
404.1,23.9,0
454.7,24.6,0
312.6,24.5,0
176.6,24.26,0
92,22.8,0
17.16,20.3,0
1.79,9.6,0
29.96,10.2,0
44.33,10.9,0
73.44,11.62,0
84.4,12.5,0
175.8,13.42,0
256.6,14.54,0
322.6,16.1,0
372.6,16.38,0
499.3,17.76,0
543.5,18.6,0
409.9,19.1,0
410.6,19.3,0
524,20.36,0
565.7,21.04,0
635.7,21.9,0
515.4,22.1,0
414.1,21.7,0
292.1,21.2,0
321.5,21.2,0
181.3,21.1,0
102.3,20,0
51.68,18.8,0
28.2,18.4,0
2.46,11.4,0
17.14,11.2,0
113,11.6,0
299,14.1,0
351.9,15.6,0
475.7,16.9,0
540.2,17.76,0
597.3,19.42,0
621.7,19.4,0
682.8,21.04,0
649.3,22.04,0
797.8,21.8,0
841,22.76,0
795,23,0
693.7,22.46,0
692.8,23.84,0
630.6,24,0
589.9,24.38,0
496.3,23.78,0
445.5,24.3,0
348.1,23.4,0
256,23.3,0
159,22.5,0
57.99,21.8,0
3.84,20.9,0
65.29,6,0
156.6,8.3,0
254.9,10.4,0
356,12.2,0
456.8,13.88,0
544.4,15.26,0
542.3,17.14,0
742.8,17.96,0
769.8,18.3,0
598.1,19.2,0
783.2,20.8,0
803,20.88,0
799.4,21.3,0
773,21.42,0
735.4,22.56,0
680.8,22.8,0
612.1,23.5,0
535.9,23.9,0
446.8,24.18,0
354.9,23.82,0
259.5,23.82,0
163.5,23.6,0
66.2,23.2,0
2.02,22.34,0
45.27,7.6,0
144.8,9.74,0
247.2,12.7,0
349.1,14.74,0
446.8,16.52,0
535.9,18.1,0
615.1,19.26,0
685.1,19.72,0
734.7,21.84,0
766.3,22.56,0
836,22.9,0
721.3,23.3,0
776.4,24.62,0
726.9,22.96,0
714.6,24.62,0
757.8,26.1,0
662.9,27.3,0
468,27.5,0
503.6,27.1,0
289.6,27.46,0
275.3,27.3,0
196.3,25.62,0
97.4,24.48,0
5.41,22.5,0
20.78,10.2,0
133,11.52,0
137.2,14.12,0
208.6,14.7,0
342,17.2,0
328.8,17.84,0
378.6,18.32,0
343,18.1,0
383.7,18.6,0
491,19.8,0
583.5,20.7,0
519,21.54,0
430.4,22.54,0
561,22.16,0
399.1,22.92,0
696.7,22.74,0
360.1,22.72,0
443.3,22.5,0
293,23.02,0
279.2,22.2,0
288.5,22,0
125.1,22.1,0
67.62,21.62,0
12.54,19.46,0
3.01,8.4,0
99.1,9,0
105.6,10.82,0
293.5,13.4,0
387.3,15.04,0
387.1,15.82,0
540.7,17.7,0
512,18.2,0
702.8,18.64,0
755.2,20.36,0
770.5,21,0
794.2,22.92,0
807,22.28,0
742.6,22.72,0
661.8,23.02,0
656.7,23.5,0
477.4,23.1,0
585.2,23.6,0
303.1,23.5,0
423.7,23.6,0
335.7,23.7,0
154.1,22.98,0
134,22.1,0
56.35,21.2,0
1.89,19.5,0
18.35,10.78,0
90,11.66,0
225.3,13.5,0
232.5,14.94,0
217.6,15.7,0
259.2,16.1,0
300.7,16.68,0
500.2,17.82,0
874,19.5,0
250.4,19.22,0
803,19.04,0
385.6,19.72,0
398.7,20.6,0
444.5,19.7,0
455.7,20.5,0
224.3,20.88,0
329.6,19.74,0
385.7,20.5,0
241.7,20.2,0
232.9,19.9,0
106,19.5,0
96.8,18.9,0
31.07,18.2,0
7.6,17.3,0
2.24,10,0
36.34,10.5,0
85.4,11.5,0
104.7,11.9,0
179.4,12.42,0
253,13,0
308.3,13.74,0
381.4,15.3,0
437.6,15.3,0
365.4,15.66,0
498.2,17,0
335.1,16.3,0
718.5,17.6,0
930,18.82,0
408.7,18.5,0
819,19.78,0
599.7,18.6,0
628.9,20.18,0
564.6,18.78,0
481.9,19.3,0
386.4,19.06,0
258.9,19.5,0
159.2,18.52,0
37.58,17.4,0
2.95,15.48,0
41.72,9.6,0
49.38,10.56,0
107.5,10.68,0
160.5,11.1,0
265.5,12.34,0
180.3,13,0
259,13.2,0
268.6,13.62,0
330.1,14.52,0
398.2,14.8,0
587,16.2,0
621.5,17.12,0
442.2,17.6,0
471.3,18.78,0
322.2,18.4,0
745.3,18.62,0
322.4,19.66,0
318.5,19.4,0
390.3,19.1,0
436.3,19.9,0
390.8,20,0
254.1,19.5,0
140.6,19.4,0
46.48,18.74,0
4.97,8,0
70.32,7.4,0
159.1,7.8,0
259.7,9.4,0
358.6,11.06,0
484.1,12.7,0
548.5,13.94,0
620.9,15.36,0
688.2,16,0
746.1,18.22,0
791.8,18.76,0
824,19.9,0
833,21.14,0
830,22.54,0
809,22.62,0
775.1,23.56,0
723.4,24.7,0
662,24.08,0
612.4,24.08,0
469.9,24.1,0
419.4,24.62,0
304.4,24.84,0
212.5,23.7,0
127.1,24.4,0
32.38,22.36,0
3.46,11.4,0
81,11,0
182.7,13.48,0
281.2,15.9,0
378.3,17.88,0
469.6,19.46,0
556.6,20.86,0
632.6,22.18,0
700,23.4,0
756.1,22.9,0
795.4,24.76,0
822,24.92,0
830,26.3,0
825,27.1,0
802,26.5,0
763,27.34,0
708.4,28.12,0
640.8,27.8,0
565.5,27.94,0
484.5,28.12,0
391.6,26.8,0
294.7,26.6,0
197.9,26.98,0
102.7,26.3,0
17.22,25.66,0
12.1,13.8,0
97.8,14.28,0
195.9,16.26,0
294.5,18.1,0
392.8,20.7,0
485.8,23.16,0
572.9,23.8,0
648.7,23.96,0
712.7,24.94,0
765.6,25.76,0
804,26.9,0
828,27.2,0
833,27.8,0
826,28.56,0
796.1,29.36,0
751.5,29.56,0
703.8,29.8,0
639.3,29.7,0
563.5,29.3,0
483.1,29.54,0
391.3,28.4,0
291.6,28.1,0
194.5,27,0
99.8,25.3,0
14.13,22.9,0
20.58,11.4,0
99.6,12,0
175.8,13.18,0
206.8,14.2,0
284.2,15.06,0
296.2,15.82,0
586.6,17.2,0
582.3,19,0
724.2,20.1,0
781.4,21.6,0
822,22.56,0
844,23.82,0
853,24.6,0
845,24.8,0
823,25.72,0
785.7,27.06,0
744.2,26.9,0
314.2,27.04,0
639.9,26.6,0
278.5,26.8,0
425.1,27.66,0
159.5,27.4,0
114.1,26.9,0
67.08,26.1,0
20.86,25.6,0
14.45,9.2,0
109.6,10.38,0
213.9,12.8,0
324.5,14.46,0
397.7,15.9,0
504.2,17.14,0
586.7,18.8,0
665,20.3,0
733.8,21.9,0
786.4,22.9,0
825,24.6,0
847,23.92,0
855,25.86,0
845,26.7,0
823,27.3,0
785.9,27.38,0
733.7,28.4,0
661.8,29.44,0
582.7,28.9,0
495.3,28.94,0
403.1,28.64,0
304.5,28.1,0
206.2,27.7,0
109.8,27.5,0
18.4,25.8,0
9.93,9.9,0
104.9,11.6,0
200.8,14.18,0
307.3,16.52,0
421.5,18.7,0
558.7,21,0
624.3,21.84,0
705.6,23.88,0
520.8,24.44,0
891,25.32,0
766.9,25.1,0
846,25.38,0
877,26.3,0
632.4,27.08,0
672.5,28.2,0
723,28.66,0
599.7,28.68,0
752.7,28.82,0
654.1,28.4,0
416.4,27.8,0
216.5,27.8,0
205,27.1,0
132.3,26.4,0
90.8,25.5,0
27.24,23.44,0
2.56,9,0
87.2,9.7,0
196.4,10.78,0
258.3,12.1,0
362.7,13.38,0
460.3,14.58,0
555.5,15.64,0
635.8,16.52,0
690.6,17.14,0
751.4,18.9,0
795,19.84,0
828,20.84,0
839,21.6,0
835,22.06,0
865,22.98,0
810,22.3,0
848,22.1,0
758,23,0
693.1,21.5,0
606.3,22.24,0
144.5,22.38,0
359.6,22,0
58.07,20.9,0
132.5,20.9,0
47.8,20.2,0
4.46,4.94,0
65.96,4.24,0
165.9,5.5,0
270.2,8.3,0
373.4,10.1,0
484.2,12.2,0
571,12.74,0
634.1,14.1,0
518,14.42,0
861,15.66,0
648.3,17.14,0
569.1,17.1,0
662.7,16.8,0
788.3,17.7,0
629.8,18.7,0
605.5,18.42,0
628.5,19.5,0
695.8,20,0
660.1,20.68,0
567.4,20.66,0
478.5,20,0
386.3,20.18,0
280,20.46,0
176.5,19.9,0
81.3,19.4,0
5.04,18.6,0
35.75,7.8,0
128.1,8.1,0
229.2,9.2,0
331.8,10.3,0
432.3,11,0
527.9,12.04,0
615,14.1,0
693.5,15.56,0
760.8,17.1,0
808,18.24,0
847,18.8,0
867,19.16,0
868,20.26,0
863,20.18,0
841,21.04,0
797.6,21.2,0
741.1,21.5,0
669.1,21.54,0
592.4,21.8,0
505.5,21.4,0
407.2,21.5,0
313.7,21,0
212.8,20.6,0
111.6,20.14,0
28.72,19.6,0
4.95,5.56,0
83.5,5.8,0
180,7.96,0
278.4,11.36,0
380.7,14.04,0
479.4,16.1,0
569.3,17.46,0
650,18.94,0
723.9,19.74,0
783.9,20.26,0
830,21,0
860,21.52,0
877,22.1,0
872,23.36,0
857,24.32,0
818,23.9,0
776.4,23.78,0
741.7,23.86,0
638.3,24.9,0
557.4,24.3,0
461.7,24.48,0
361.8,24.4,0
257.4,24.1,0
163.9,23.2,0
68.54,22.02,0
2.11,19.76,0
43.01,6.2,0
116.2,7.4,0
226.2,8.88,0
325.4,11.3,0
439,12.64,0
529.5,13.64,0
612.9,15.1,0
690.7,15.88,0
754.7,16.88,0
808,18.3,0
847,19.58,0
870,20.86,0
887,20.7,0
843,21.1,0
753,22.1,0
798.4,22.6,0
689.1,22.34,0
635.9,22.22,0
545,21.8,0
313.5,21.36,0
259.7,21.1,0
125.6,20,0
77.99,18.7,0
39.68,17.2,0
16.63,16,0
1.81,7.4,0
52.55,7.7,0
62.9,8.6,0
116.8,9.12,0
164.5,10,0
148.6,10.5,0
227.4,10.9,0
285.9,11.82,0
332.3,12.3,0
376.9,13.06,0
342.1,13.44,0
274.2,13.92,0
675,14.96,0
184.2,12.86,0
64.38,11.8,0
116.5,10.1,0
240.4,10.52,0
177.4,11.5,0
242.5,12.02,0
116.3,11.9,0
239.7,12.2,0
166.1,11.84,0
159.1,11.1,0
189.9,11.5,0
42.13,11.3,0
9.5,10.8,0
24.74,3.48,0
117.7,4.68,0
218.2,6.56,0
256.7,8.5,0
299.9,9.62,0
501.2,10.34,0
599.6,11.3,0
695.4,12.16,0
772.7,13.96,0
789.1,14.3,0
822,14.6,0
865,15.6,0
842,16.88,0
910,16.6,0
616.1,16.5,0
836,18.12,0
749.3,17.28,0
568.2,17.34,0
469.9,16.84,0
384,16.76,0
304.9,16.6,0
204.9,16.56,0
142.9,16.32,0
98.8,15.9,0
32.72,15.3,0
0.83,14.5,0
2.35,8.42,0
3.47,7.9,0
6.4,7.7,0
11.58,7.5,0
16.71,7.6,0
43.87,7.7,0
32.14,8,0
114.3,8,0
253.1,8.34,0
388.6,9.3,0
695.3,10.2,0
220.3,10.26,0
87.9,11.48,0
222.9,11,0
469.3,11.4,0
713.6,12.66,0
21.19,10.82,0
98,8.2,0
866,9.48,0
292.1,11.14,0
513.8,10.4,0
40.54,10.52,0
82.4,8.7,0
94.1,8.2,0
16.12,7.7,0
4.15,5.8,0
69.46,6.3,0
157.6,7.6,0
260.4,9.08,0
362.5,10.32,0
463.5,11.94,0
191.5,12.02,0
178.4,12.32,0
152.7,12.66,0
938,13.84,0
911,15,0
996,15.3,0
200.9,14.5,0
806,16.62,0
236.4,15.9,0
970,17.46,0
930,16.36,0
140.6,17.06,0
752.8,16.7,0
636,17.2,0
573.4,16.8,0
447,16.22,0
318.9,16.1,0
234.1,15.7,0
125.6,15.5,0
40.34,14.9,0
3.95,5.3,0
69.35,5.5,0
137.3,6.6,0
258.2,8.3,0
315.2,11.24,0
477.2,12.34,0
485.8,13.7,0
587.4,14.7,0
613.2,15.24,0
832,16.78,0
868,17.42,0
812,18.34,0
856,18.7,0
914,18.7,0
949,19.68,0
849,19.6,0
769.7,20.26,0
762.4,20.1,0
730.7,20.9,0
583.8,21.2,0
473.7,21.9,0
467.6,20.96,0
377.3,20.78,0
238.3,20.5,0
115.6,19.88,0
33.52,18.54,0
5.17,8.1,0
25.57,6.8,0
72.54,8.2,0
259,10.02,0
364.2,12.7,0
463.6,13.7,0
556.5,14.76,0
640,16.8,0
716.6,18.3,0
783.1,19.42,0
836,20.7,0
872,21.76,0
892,22.1,0
902,22.88,0
889,23.66,0
875,23.12,0
829,23.86,0
767.6,22.9,0
705.1,23.12,0
598.7,23.96,0
531.1,23.46,0
427.7,23.38,0
331.6,23,0
232.3,22.66,0
143,22.1,0
38.99,20.58,0
2.26,6.9,0
44.96,7.1,0
97,7.92,0
229.5,9.96,0
371.3,13.16,0
482.7,14.54,0
540.6,16.6,0
403.6,17.6,0
789.8,18.36,0
364.5,19,0
767.3,19.62,0
922,19.8,0
838,21.3,0
866,22.6,0
796.2,22.62,0
762.9,23.04,0
817,23.5,0
772.4,23.56,0
700.4,23.64,0
471.6,24.24,0
546,24.34,0
330.1,23.98,0
370.2,23.2,0
256.7,23.24,0
161.4,22.9,0
61.22,22.3,0
4.53,21.4,0
54.71,8.1,0
159.4,10,0
201,11,0
283.2,12.8,0
446.2,13.6,0
561.2,15.3,0
657.4,16.42,0
691,17.9,0
805,18.8,0
644.1,19.94,0
634.6,20.6,0
858,21.8,0
952,23,0
923,23.46,0
888,24.38,0
850,25,0
808,25.62,0
745.3,25.98,0
647.7,26.4,0
586.3,26.16,0
486.7,26.6,0
389.3,26.82,0
285.6,26.4,0
183.2,25.9,0
84.2,25.4,0
6.15,24.3,0
24.61,12.7,0
115.3,12.54,0
216.7,13.5,0
320.3,14.2,0
422.5,15.74,0
524.4,17.7,0
606.2,19.04,0
683.6,20.12,0
755,21.5,0
809,22.6,0
865,23.78,0
885,25.2,0
900,25.2,0
898,25.28,0
824,24.7,0
857,25.96,0
804,26.12,0
720.2,26.46,0
674.1,25.4,0
592.7,24.14,0
504.8,23.9,0
411.5,22.94,0
325.1,21.8,0
214.6,20.7,0
110.3,19.56,0
25.73,17.58,0
4.44,9,0
95,9.04,0
189.7,9.4,0
293.1,10.1,0
399.6,11.18,0
498.7,11.7,0
591.1,12.7,0
676,13.4,0
753.8,14.34,0
820,15.08,0
872,15.02,0
908,15.8,0
931,16.86,0
934,16.68,0
915,17.7,0
889,17.4,0
846,17.92,0
786.7,18.34,0
715.1,18.76,0
634.5,18.7,0
548.2,18.8,0
456.1,18.3,0
354.8,18.3,0
254.1,18.1,0
155,18,0
59.27,17.4,0
4.71,16.8,0
46.69,7.4,0
145.3,8.1,0
249.4,9.1,0
353.4,9.92,0
454.1,10.9,0
551.5,12.7,0
640.2,13.6,0
721.6,14.94,0
789.9,16.5,0
845,17.44,0
885,18.98,0
915,19.82,0
926,20.62,0
924,21.52,0
903,22.46,0
863,22.72,0
817,23.22,0
750.9,23.2,0
672.7,23.5,0
589.1,23.2,0
497.6,23.2,0
402.5,22.9,0
302.2,22.9,0
198.4,22.6,0
94.1,22.1,0
18.56,21.4,0
8.19,10.7,0
100.1,11.26,0
200.7,12.34,0
307.2,13.68,0
411.2,15.8,0
511.4,17.6,0
603.2,19.54,0
688.1,20.9,0
764.4,21.88,0
829,22.06,0
877,23.04,0
918,24.1,0
936,24.46,0
943,25.5,0
930,25.5,0
900,27,0
855,26.42,0
799.2,27.4,0
727.1,26.94,0
645.8,27.84,0
556.4,27.2,0
460.3,27.46,0
357.7,26.98,0
254,27.1,0
153.5,26.7,0
58.63,25.3,0
1.5,22.7,0
39.2,9.8,0
132.7,11.4,0
237.3,13.88,0
341.2,15.82,0
443.6,18.6,0
540,20.1,0
630.6,20.7,0
712.2,21.76,0
784,22.8,0
844,23.3,0
887,24.3,0
918,24.48,0
933,25.54,0
929,26,0
911,26.86,0
877,26.86,0
834,26.9,0
773,27.64,0
691.9,27.8,0
615.8,28.52,0
528.7,28.2,0
426.7,28.4,0
325.2,27.9,0
224.5,27.78,0
124.8,27.6,0
35.04,25.38,0
1.48,11.78,0
69.66,10.6,0
162.6,12.54,0
263.8,15.2,0
366.2,16.8,0
465.6,18.68,0
559.2,20.4,0
644.4,21.3,0
723,22.74,0
791.2,24.24,0
845,25.66,0
886,26.6,0
912,27.24,0
920,27.7,0
915,27.7,0
892,28.32,0
853,29.1,0
804,29.2,0
737.5,29.2,0
658.9,29.02,0
572.9,29.28,0
484,28.98,0
384.4,29.48,0
284.2,28.88,0
186.4,28.6,0
93.9,28.12,0
12.77,25.3,0
9.14,11.72,0
87.9,12.6,0
181.7,14.9,0
277.7,15.74,0
383.7,16.9,0
481.8,18.2,0
574.6,20.06,0
659.4,21.5,0
734.7,22.8,0
798.5,24.3,0
851,25.5,0
887,25.74,0
907,26.74,0
912,27.8,0
902,28.66,0
877,28.86,0
836,29.38,0
776.9,30.2,0
711.2,30,0
645.6,30.1,0
679.2,30.24,0
386.9,29.04,0
191.6,29.04,0
149.9,28.2,0
85.2,27.3,0
34.98,26.2,0
5.99,25.2,0
18.8,9.68,0
99.3,10.14,0
193.9,11.54,0
263.9,12.4,0
389.2,13.3,0
491.6,14.64,0
584,16.18,0
663.9,17.96,0
741.7,19.06,0
804,19.64,0
852,21.04,0
857,22.78,0
885,23.56,0
904,24.46,0
898,25.58,0
873,26.6,0
878,25.92,0
585.1,27.32,0
711.5,27.58,0
351.7,27.18,0
223.9,26.42,0
191.4,25.3,0
157.9,24,0
107.9,23.12,0
60.94,22,0
24.79,20.68,0
2.08,19.32,0
9.6,10.6,0
33.45,10.7,0
69.71,11.14,0
65.81,11.5,0
114.2,11.2,0
137.2,11.7,0
172.1,11.74,0
233.2,12.5,0
355.3,13.8,0
533,14.68,0
544.7,15.9,0
803,17.46,0
800,19.08,0
906,19.68,0
864,20.52,0
841,20.7,0
860,21.1,0
518.6,20.6,0
575,21.42,0
384.2,20.4,0
375.6,19.9,0
219.7,19.34,0
158.7,18.8,0
111.5,18.18,0
71.37,17.3,0
31.56,16.4,0
3.94,15.6,0
11.17,9.2,0
42.98,10.44,0
71.3,10.84,0
158.5,11.3,0
235.6,12.14,0
486,14.28,0
573.7,15.4,0
655.5,17.22,0
727.4,18.24,0
787.7,19.1,0
833,20.04,0
862,20.52,0
889,21.16,0
891,21.6,0
882,23.5,0
921,23.12,0
468.8,25.24,0
523.1,23.94,0
550.2,24.36,0
555.6,23.82,0
513.9,24,0
538.6,24.7,0
446.8,24.6,0
238,24.1,0
115.7,23.2,0
68.34,22.2,0
1.87,21.28,0
26.13,9.2,0
104.6,10.18,0
198.9,11.84,0
298.5,13.28,0
398.6,14.3,0
492.5,15.26,0
583.9,15.74,0
667.1,17.3,0
740.7,18.78,0
802,19.34,0
849,20,0
880,21.42,0
901,22.06,0
909,23.7,0
872,24.2,0
799.9,24.22,0
842,24.58,0
730.1,25.7,0
695.3,25,0
621.5,25.82,0
469.1,25.1,0
162.1,24.4,0
184.2,23.6,0
332.7,24.12,0
112.5,23.6,0
36.5,21.5,0
2.46,19.7,0
19.88,11.8,0
81.3,12.2,0
169.5,12.6,0
141.4,12.7,0
419.7,13.9,0
370.4,14.34,0
348.5,14.2,0
843,16.02,0
423,15.92,0
842,17.24,0
319.4,17.4,0
833,19.52,0
1115,19.36,0
1062,20.86,0
554.1,20.68,0
836,20.98,0
531.6,21.04,0
852,21.5,0
402.1,22.16,0
259.2,20.98,0
267.4,20.5,0
194.8,19.7,0
152,19.4,0
104.3,18.4,0
54.42,17.56,0
17.62,16.5,0
0.57,14.56,0
10.24,11,0
37.57,10.9,0
230.8,11.6,0
65.36,11.8,0
474.8,12.52,0
243.7,14.2,0
307.5,13.98,0
799.5,15,0
728.7,16.94,0
280.6,16.6,0
977,16.64,0
254.6,17.18,0
851,18.2,0
782.1,18.68,0
879,19.38,0
1146,20.04,0
466.1,18.96,0
910,19.76,0
252.2,20.5,0
141.5,20.38,0
655.8,20.6,0
505.7,20.5,0
401.2,20.4,0
299.3,20.5,0
198.3,20.22,0
103.3,19.9,0
19.54,18.3,0
4.13,8.66,0
79.56,8.6,0
169.2,10.4,0
268.8,12.3,0
375.2,13.3,0
429,14.82,0
562.9,15.64,0
641.6,16.76,0
719.7,17.3,0
786.9,18.32,0
843,19.12,0
880,19.9,0
930,20.42,0
906,21.2,0
928,21.52,0
895,22.08,0
877,22.24,0
829,23.2,0
767.2,24.04,0
691.8,24.3,0
607.1,24.5,0
523.7,24.6,0
426.3,24,0
334.9,24.44,0
224.1,24.2,0
136,23.9,0
24.15,23.1,0
3.84,9.5,0
54.51,10.08,0
148.3,11.5,0
248.4,13.66,0
347.7,16.26,0
440.8,18.3,0
542.5,20,0
630,20.6,0
711.8,21.2,0
802,22.7,0
850,23.04,0
893,24.16,0
920,24.7,0
918,25.1,0
937,26.08,0
924,25.4,0
895,27.6,0
849,27.76,0
791.3,27.68,0
724.5,27.58,0
643.4,27.78,0
563.4,27.9,0
463.6,28,0
279.9,28.34,0
148.6,27.2,0
78.99,26.66,0
65.01,25.7,0
9.62,24.42,0
10.94,12.9,0
103.9,13.9,0
199.3,15.14,0
299.3,16.7,0
399.4,17.86,0
495.8,18.5,0
585.4,19.82,0
668.3,21.06,0
742.9,22.24,0
808,24.48,0
858,25.8,0
896,25.92,0
918,27.12,0
931,26.28,0
934,27.56,0
892,28.52,0
837,28.48,0
782.8,29.2,0
712.9,28.68,0
614.3,29.1,0
439.2,29.6,0
515.9,29.72,0
427.7,29.7,0
238,29.1,0
214.4,28.18,0
146.7,26.6,0
22.83,24.38,0
4.2,11,0
60.84,11.8,0
155.5,12.9,0
257.2,13.8,0
359.3,15.08,0
459.7,16,0
554.3,17.28,0
639.9,18.88,0
724.2,20,0
795.4,21.2,0
856,22.5,0
900,23.28,0
932,24.46,0
950,25.44,0
952,27.08,0
936,27,0
904,28.3,0
857,28.06,0
792.8,28.88,0
729.6,29.2,0
656.1,28.92,0
567,28.92,0
474.8,29.04,0
374,28.9,0
276.2,29,0
174.4,28.54,0
83.8,27.94,0
7.48,25.86,0
10.31,12.3,0
107.5,13,0
203.2,14.1,0
303.5,16.64,0
402.5,18.42,0
502.5,19.74,0
586.6,20.7,0
676.5,21.9,0
755.5,22.66,0
822,24.5,0
881,26.1,0
918,27.22,0
946,28.4,0
958,29.14,0
955,30.02,0
934,30.48,0
893,30.98,0
844,31.66,0
783.2,32.46,0
708.3,32.6,0
624.8,31.8,0
529.5,32.3,0
437.1,31.92,0
334,31.6,0
231.7,31,0
134.9,30.3,0
46.41,29.5,0
3.58,26.94,0
34.45,16.34,0
129.9,17.24,0
227.9,19.2,0
325.4,21.1,0
425.4,23.7,0
530.1,25,0
619.6,27.26,0
702.8,27.4,0
775.3,28.32,0
841,28.8,0
896,30.14,0
932,30.9,0
1014,30.6,0
968,32,0
960,32.56,0
924,32.98,0
876,33.18,0
822,33.7,0
754.7,33.68,0
678.9,33.2,0
585.4,33.94,0
502.1,33.14,0
404.3,33.1,0
302.9,32.9,0
204.4,32.7,0
103.3,31.84,0
25.48,28.46,0
2.25,12.9,0
64.7,13,0
155.1,14.1,0
253.3,15.9,0
354.8,17.18,0
453.6,18.78,0
547.5,19.9,0
633.4,21.16,0
713.7,22.8,0
780.9,24.5,0
842,25.6,0
887,26.48,0
917,26.7,0
929,28,0
932,28.36,0
916,28.88,0
885,28.9,0
842,28.74,0
789.7,29.3,0
721.2,29.78,0
642.4,29.54,0
552.2,29.6,0
467.4,29.58,0
372.7,29.1,0
275,29.3,0
175.6,28.24,0
81.2,26.86,0
11.81,24.88,0
9.69,9.9,0
87,10.6,0
181.5,11.7,0
283.2,12.92,0
385.6,14.1,0
484.2,14.88,0
577.2,16.1,0
664.8,17.14,0
747,18.96,0
816,20.7,0
873,21.88,0
917,23.82,0
942,23.8,0
961,24.78,0
954,25.1,0
937,26.16,0
898,26.7,0
853,26.44,0
793,26.52,0
718.8,26.36,0
637.2,26.46,0
552.7,25.9,0
460.1,24.84,0
362.5,24.08,0
265,23,0
168.7,22.38,0
77.34,20.28,0
5.56,18.6,0
7.57,9.5,0
26.38,9.4,0
58.92,9.76,0
103.9,10.2,0
195.9,10.9,0
290.5,12.14,0
307,12.96,0
674.9,14.68,0
746.1,16.14,0
815,17.42,0
872,17.56,0
905,18.76,0
939,20.5,0
949,21.34,0
945,22.38,0
925,22.7,0
891,23.24,0
843,24.16,0
784.2,24.6,0
713.8,25.58,0
637.1,25.2,0
554.2,25.18,0
464,24.78,0
366.7,24.48,0
266.5,23.6,0
169,22.22,0
72.28,20.46,0
2.63,18.74,0
22.16,8.8,0
95,10.3,0
186.3,11.98,0
273.6,13,0
384.1,13.82,0
484.8,14.9,0
569.6,15.62,0
656.5,16.64,0
725.3,18.04,0
804,19.14,0
850,19.5,0
896,20.6,0
925,21.68,0
944,22.76,0
955,23.82,0
914,24.1,0
806,25.22,0
762.2,24.02,0
642.3,24.2,0
727.4,24.7,0
521.4,25.06,0
499,24.28,0
400.4,24.8,0
286.7,24.28,0
190.4,23.22,0
119.3,22.5,0
53.11,21.6,0
3.1,19.9,0
20.12,8.9,0
90.8,10.3,0
187.1,11.64,0
282.4,12.26,0
390,13.18,0
488.4,13.6,0
582.4,15,0
664.6,16.04,0
739.8,16.76,0
802,18.34,0
854,19.66,0
897,20.22,0
922,21.2,0
931,22.3,0
918,22.56,0
904,23.42,0
871,23.6,0
822,23.6,0
759.6,24.5,0
689.7,24.78,0
639.1,24.96,0
556.4,24.7,0
457.7,25.14,0
358.8,25,0
261.2,24.7,0
153.7,24.46,0
65.46,23.9,0
6.01,21.4,0
0.67,12.1,0
0.69,11.4,0
2.7,10.68,0
45.8,10.8,0
117.5,11.2,0
166.8,11.8,0
184.5,12.4,0
700.1,13.48,0
412.5,15.5,0
361.5,15.48,0
471.1,15.6,0
447.8,16.22,0
437.3,16.54,0
380.6,17.7,0
403.6,17.38,0
436.3,17.1,0
533.4,17.54,0
619.1,17.8,0
485,19.34,0
703.5,19.36,0
698.8,18.36,0
243.3,17.8,0
233.5,16.9,0
160,15.98,0
128.9,15,0
92.1,14.2,0
41.3,14.1,0
9.97,13,0
7.53,6.86,0
52.29,7.2,0
113.1,7.86,0
269.5,9.88,0
374.3,12.3,0
463.8,13.2,0
554,14.1,0
653.5,14.44,0
726.5,15.22,0
800,16.72,0
880,17.5,0
942,18.78,0
941,18.44,0
966,18.9,0
998,19.7,0
944,20.02,0
322.7,20.88,0
848,22.2,0
792.6,22.08,0
734,21.64,0
643.2,22.74,0
553.6,22.68,0
458.5,22.2,0
366.8,21.8,0
268,21.82,0
177.3,21.04,0
95.3,20.46,0
24.77,19.6,0
3.91,7.9,0
63.43,8.2,0
143.7,9.5,0
238.7,11.06,0
318.4,11.92,0
443.3,12.92,0
541.4,14.64,0
628.8,15.74,0
712.6,17.46,0
788.2,18.74,0
845,19.6,0
899,19.94,0
926,20.9,0
945,21.56,0
950,21.76,0
937,23,0
913,23.82,0
874,24.74,0
815,25.2,0
746.6,25.2,0
674.1,25.84,0
590.8,26.4,0
499,26.2,0
401.8,26.48,0
297.2,25.8,0
203.7,25.22,0
111.1,23.5,0
34.35,22.1,0
7.99,9.5,0
40.62,9.6,0
64.1,10,0
216.6,11.74,0
328.7,13.02,0
399.4,14.06,0
519.3,15.24,0
606.8,16.8,0
689.2,17.7,0
762.5,19.1,0
827,20.3,0
869,21.12,0
920,21.66,0
916,23.26,0
933,24.72,0
942,25.06,0
827,25.6,0
877,26.22,0
838,27.42,0
778.8,26.9,0
671.1,27.36,0
615.6,27.5,0
515.6,27.24,0
400.6,26.8,0
240.6,26.9,0
204.5,25.66,0
172,24.3,0
49.17,22.9,0
1.25,21,0
17.78,9.6,0
118.1,10.64,0
237.4,13.48,0
363.3,14.22,0
331.8,14.72,0
526,16.8,0
460.3,17.04,0
611,17.96,0
659.7,18.6,0
576.8,19.1,0
878,20.3,0
930,20.76,0
953,21.98,0
969,22.92,0
954,23.1,0
941,23.34,0
910,23.8,0
877,23.4,0
813,23.5,0
736.7,23.44,0
661.1,23.14,0
557.7,23.3,0
401.6,22.56,0
316.8,21.44,0
248.2,20.92,0
87.8,19.6,0
59.35,18.8,0
20.76,17.7,0
5.03,8.9,0
76.96,8.8,0
181.1,10.1,0
144.8,10.6,0
252,11.1,0
555.9,12.32,0
439.9,13,0
691.2,13.38,0
799.8,14.3,0
651,15.26,0
1059,16.46,0
929,17.58,0
955,17.64,0
976,18.78,0
983,19.54,0
985,20.04,0
943,20.64,0
924,20.8,0
845,21.26,0
780.6,21.9,0
737.7,21.04,0
607.4,21.6,0
512.4,22.2,0
434,22.14,0
206.3,21.08,0
171.6,20.5,0
78.95,20.3,0
25.79,18.9,0
1.74,17.7,0
33.91,8.5,0
128,9.28,0
235.7,10.94,0
304.4,12.42,0
441.4,13.18,0
559.8,14.1,0
636.7,15.08,0
475.6,15.38,0
480.1,15.18,0
938,16.86,0
1018,17.78,0
763.1,18.66,0
370.8,18.26,0
1019,19.62,0
738.8,18.84,0
814,19.22,0
973,19.7,0
921,20.68,0
758.8,20.8,0
601.2,20.94,0
425.8,20.1,0
618.3,20.32,0
499.9,20.32,0
236.6,19.7,0
313.3,18.2,0
104,17.3,0
49.18,16.7,0
12.45,15.6,0
2.99,8.1,0
25.77,8.4,0
72.07,9.2,0
270.9,11.14,0
335.4,12.9,0
469.5,14.02,0
491.4,15.08,0
576.5,15.74,0
659.9,16.6,0
718.3,17.4,0
675.3,18.34,0
678.9,19.14,0
960,19.9,0
965,21.1,0
1055,21.1,0
1000,22.14,0
830,21.26,0
441.8,20.4,0
431.2,21.5,0
194.8,20.44,0
244.9,20.5,0
82.1,19.18,0
4.86,14.04,0
2.14,11.06,0
2.11,10.9,0
1.89,11.1,0
1.4,11.2,0
0.73,11.2,0
2.2,9.7,0
29.53,10,0
120,10.4,0
229.5,11.5,0
260.1,12.48,0
136.5,12.2,0
183.6,12.8,0
179.9,12.16,0
427.2,13.2,0
482.8,14.3,0
255.6,14.34,0
420.7,15.26,0
575.5,17.2,0
1020,17.66,0
1044,19.7,0
292.5,18.6,0
1025,20.8,0
785.1,20.12,0
987,21.86,0
719.8,22.1,0
788,21.9,0
640.1,22.08,0
582.1,22.24,0
231.5,21.44,0
375.3,21.74,0
284.6,20.8,0
71.63,19.48,0
34.62,18.3,0
12.71,17.62,0
4.54,9,0
26.21,9.3,0
173.3,10.44,0
87.2,11.6,0
148.2,11.98,0
463.7,13.1,0
623.4,13.96,0
653.7,15.24,0
670.1,16.4,0
713.5,17,0
895,19.14,0
925,19.6,0
935,20.24,0
944,21.94,0
956,22.26,0
934,23.1,0
920,23.9,0
879,23.8,0
832,24.42,0
763.7,24.56,0
689.2,24.5,0
611.6,24.82,0
363.3,25.2,0
459.6,25.12,0
326.8,24.5,0
235,23.66,0
143.3,22.52,0
31.37,20.92,0
3.24,19.66,0
16.28,9.58,0
67.73,9.9,0
148.2,11.6,0
269.8,13.1,0
409.7,13.9,0
468.5,14.78,0
292.1,15.32,0
356.4,15.5,0
360.1,15.5,0
363.3,16.18,0
383.8,16.68,0
442.8,16.6,0
581.4,17.96,0
686.2,18.9,0
552.7,18.96,0
859,20.14,0
970,21.26,0
808,22.54,0
871,23.6,0
752.4,23.8,0
681.3,23.6,0
500.7,22.2,0
258.1,21.2,0
204.2,20.3,0
159.9,20.3,0
125.6,20.2,0
106.4,19.7,0
34.92,18.96,0
1.79,17.66,0
34.89,9.1,0
103.6,10.3,0
232.6,11.8,0
141,12.2,0
255,12.7,0
337.3,13.72,0
261.1,14.24,0
830,16.1,0
814,16.66,0
809,17.18,0
799.9,17.38,0
958,19.4,0
966,20.9,0
1041,20.8,0
708.6,21.6,0
766.1,22.06,0
799.1,22.76,0
880,22.84,0
812,22.6,0
730.6,23.52,0
649.8,23.02,0
566.8,22.8,0
475.7,22.98,0
380.2,22.4,0
288,21.48,0
194.2,20.5,0
103.7,19.1,0
29.44,17.9,0
0.81,9,0
13.78,9.6,0
32.12,9.8,0
53.29,10.24,0
336.7,11.94,0
454,14.04,0
680.4,14.2,0
746,14.96,0
330.4,15.62,0
832,17.6,0
852,17.92,0
890,18.84,0
651.6,20.26,0
968,20.54,0
930,21.56,0
950,22.94,0
934,23,0
900,24.2,0
851,23.96,0
797.4,24.8,0
716.5,24.4,0
638.7,25.26,0
553.1,25.2,0
464,24.8,0
370.2,24.64,0
273.1,24.1,0
181.6,23.1,0
94.4,22.3,0
20.36,20.7,0
2.28,9.3,0
68.59,9.54,0
149.7,11.5,0
241.6,12.9,0
339.8,13.82,0
435,14.3,0
529.3,15.5,0
616.6,16.24,0
698.7,17.26,0
771.2,18.66,0
833,19.28,0
881,20.42,0
921,21.7,0
947,22.98,0
951,23.22,0
942,23.2,0
924,23.74,0
886,24.7,0
840,24.76,0
785.9,24.4,0
706.7,24.34,0
629,24.1,0
541.9,23.78,0
448.9,23.32,0
360.8,22.74,0
268.8,22.3,0
174,21.3,0
86.1,19.6,0
11.27,17.74,0
1.83,12.3,0
11.47,12.4,0
103.7,12.5,0
114.1,13,0
161,13.3,0
116.5,13.8,0
194.9,14,0
243.1,14.42,0
235.1,14.3,0
356.1,14.8,0
393.4,15.4,0
446.7,16.32,0
1004,17.16,0
1073,18.64,0
1043,19.5,0
751.6,20.54,0
765.2,20.88,0
896,21.68,0
907,22,0
866,22.8,0
854,22.7,0
320.7,22.58,0
449.2,23.2,0
314.7,22.3,0
347.8,22,0
303.3,21.6,0
159.7,20.5,0
42.08,19.08,0
10.61,18.1,0
3.83,12.5,0
37.56,12.6,0
43.3,13,0
69.81,13.1,0
131.2,13.58,0
172.8,13.72,0
302.5,14.58,0
261.3,15.26,0
388.8,15.1,0
512.1,16.5,0
1014,16.9,0
888,20.18,0
987,20.14,0
1019,20.58,0
1142,21.48,0
1003,22.82,0
294.7,21.74,0
1064,23.74,0
1064,23.9,0
252.6,22.72,0
883,24.78,0
221.6,23.28,0
703.3,24.5,0
93.7,23.74,0
353,23.56,0
68.21,22.74,0
184.2,21.2,0
62.5,19.7,0
13.47,18.6,0
2.45,11.8,0
21.37,12.1,0
69.21,12.5,0
123.2,13,0
151.8,14,0
202.8,14.2,0
303.1,14.9,0
279.8,15.54,0
602.7,17.18,0
897,18.82,0
445.8,19.3,0
425.9,19.38,0
958,20.94,0
832,21.9,0
1094,23.72,0
960,23.94,0
274.3,23.2,0
857,24.9,0
857,24.42,0
774.7,24.66,0
702,24.96,0
629.4,24.6,0
536.3,24.7,0
474.6,25.22,0
132.8,25.3,0
411.1,24.8,0
174.6,24.3,0
90.4,23.8,0
15.71,21.7,0
6.27,10.6,0
80.7,10.9,0
158.8,12.8,0
251.5,13.6,0
345.9,14.44,0
440.2,15.5,0
531.9,16.66,0
618.9,18.7,0
699.3,20.16,0
772.5,20.84,0
833,22.36,0
880,22.78,0
915,23.98,0
950,24.8,0
952,25.34,0
944,26.34,0
922,26.66,0
881,28.1,0
834,28.06,0
777.3,28.6,0
707.9,28.58,0
630.5,28.54,0
547.7,27.7,0
457.7,27.36,0
365.7,26.56,0
272.7,26.6,0
180.4,25.4,0
91.4,23.9,0
19.2,21.84,0
2.69,9.98,0
69.13,10.8,0
145.7,11.4,0
230,12.7,0
230.1,13.5,0
459.5,14,0
525.5,15.46,0
611.3,17.2,0
693.2,18.24,0
768.6,19.6,0
833,20.34,0
883,21.9,0
923,22.44,0
947,23.1,0
957,23.98,0
950,24.72,0
933,25.8,0
896,26.08,0
849,26.7,0
791.6,26.84,0
722.7,27.1,0
644,26.88,0
559.4,26.8,0
472.6,26.24,0
378.6,26,0
285.9,25,0
193.6,24.08,0
105.8,22.06,0
31.5,20.32,0
2.82,11,0
15.35,11.1,0
37.68,11.2,0
93.3,11.6,0
122.5,12,0
219.9,13.1,0
565.5,14.2,0
600.3,15.42,0
690.4,17.3,0
767.5,18.5,0
833,19.44,0
887,20.3,0
929,21.22,0
955,22.3,0
969,23.48,0
969,24.1,0
955,24.64,0
923,25.94,0
882,25.52,0
824,26.66,0
755.9,26.8,0
678.1,26.84,0
593.4,27.12,0
505,26.72,0
412.8,26,0
318.2,25.62,0
224.1,24.7,0
132,23.5,0
46.46,21.26,0
4.6,18.6,0
10.36,11.1,0
33.03,11.1,0
49.76,11.24,0
86,11.54,0
128.7,12,0
242.4,12.9,0
656.3,14.1,0
675.6,15.92,0
754.3,17.16,0
822,19.7,0
880,20.72,0
925,21.42,0
957,23.14,0
972,25.26,0
975,26.28,0
964,26.6,0
935,26.94,0
890,27.5,0
837,27.3,0
771.8,28.66,0
692.5,28.36,0
610,28.44,0
522.8,28.3,0
429.3,27.6,0
335.3,28.16,0
240.2,27.32,0
148.1,26.18,0
64.06,24.66,0
3.13,21.8,0
18.27,9.7,0
118.3,10.7,0
177.3,12.1,0
207.9,12.6,0
300.3,13.22,0
537.7,14.8,0
580.8,16.42,0
590.8,17.94,0
679.9,19.96,0
808,21.62,0
820,23.58,0
686.3,24.38,0
521.9,25.5,0
701.5,25.6,0
447.2,25.98,0
408.4,25.7,0
386.9,25.98,0
395.4,26.1,0
457,26.74,0
596,27.88,0
388.1,28.4,0
386.6,27.92,0
557.2,29.38,0
188.3,30.08,0
193,29.7,0
281.2,29.9,0
176,30.1,0
85.8,29.4,0
11.13,26.62,0
5.75,10.24,0
80.9,11.14,0
162.3,12.8,0
256.3,13.8,0
354,15.74,0
449.2,16.6,0
541.4,18.3,0
592.1,20.04,0
710.6,21.5,0
788.3,22.94,0
850,24.6,0
904,26.62,0
904,27.6,0
966,28.06,0
974,29.26,0
959,30.02,0
935,30.62,0
832,31.9,0
824,31.4,0
666.9,32.22,0
635.4,32.04,0
420.7,32,0
594.3,31.7,0
532.7,32.46,0
418.8,32.5,0
299.5,32.38,0
208.3,31.66,0
109,30.2,0
20.05,28.3,0
3.74,12.1,0
28.74,12.22,0
113.8,13.68,0
247.2,15.2,0
302.8,17.26,0
439.7,18.28,0
528.9,18.68,0
652.9,20.1,0
638.8,22.08,0
787.2,24.1,0
807,26.58,0
920,27.18,0
973,29.08,0
1023,29.9,0
1053,30.38,0
994,30.78,0
955,32.3,0
600.5,32,0
827,32.72,0
813,32.92,0
710.9,33.5,0
712.3,34.5,0
613.8,33.86,0
318.8,33.96,0
451,33.3,0
315.8,31.7,0
264.2,31.8,0
161.7,31,0
71.74,29.4,0
2.56,26.9,0
12.61,11.34,0
102.7,12.56,0
194.2,13.8,0
295.4,14.38,0
401.3,15.8,0
397.3,18.08,0
332.8,19.32,0
734.9,20.98,0
439.9,20.8,0
340.5,19.64,0
840,20.8,0
374.3,22.66,0
1054,24,0
998,26.2,0
1060,27.76,0
543.2,27.68,0
675.9,27.12,0
767.2,27.12,0
406.1,27.32,0
414,26.64,0
306.1,26.62,0
274.5,25.92,0
439.2,26.02,0
302.1,26.06,0
253.5,25.7,0
333.4,25.1,0
192,23.3,0
100.8,21.64,0
9.25,19.8,0
2.35,12.2,0
23.1,12.72,0
72.6,13.2,0
207.8,14.2,0
128.7,14.86,0
427.2,15.66,0
521.7,16.9,0
403.6,18.1,0
653.3,19.42,0
594.7,21.04,0
855,21.18,0
899,22.2,0
952,23.1,0
1016,23.74,0
965,23.62,0
965,24.52,0
943,24.5,0
918,25.48,0
878,26.22,0
816,25.5,0
745,26.2,0
664.1,25.72,0
581.5,25.94,0
494.2,25.68,0
404.1,25.7,0
266.8,24.8,0
216.6,24.04,0
125.5,23.4,0
50.54,22.3,0
2.53,21,0
10.58,12.2,0
30.12,13,0
117.5,14,0
219.6,14.5,0
416.8,15.7,0
492.7,17.16,0
573.1,17.7,0
644.1,18.64,0
736.5,20.44,0
807,21.9,0
862,22.9,0
913,24.36,0
944,24.8,0
963,25.66,0
968,25.6,0
955,26.38,0
934,27.04,0
892,27.88,0
844,28.1,0
779.6,28.54,0
706.2,29.4,0
626.8,29,0
541.2,28.94,0
450.7,28.9,0
344.2,28.6,0
271.8,28.1,0
176.8,28.1,0
91.6,27.54,0
11.34,24.7,0
2.41,12.4,0
67.08,12.3,0
153.6,13.6,0
245.6,15.1,0
342.9,16.8,0
441,17.6,0
493.9,18.42,0
635.1,19.84,0
713.4,20.94,0
772.3,22.94,0
833,24,0
901,24.34,0
925,24.7,0
974,25.96,0
975,27.58,0
964,28.36,0
957,27.8,0
909,29.1,0
886,28.82,0
521.7,27.94,0
338.3,27.6,0
447.7,26.84,0
370.4,26.4,0
245.7,25.92,0
206.5,24.88,0
115,23.78,0
112.7,22.52,0
80.1,21.3,0
18.06,19.9,0
1.83,19.1,0
17.71,10.7,0
103.6,11.3,0
196.5,13.66,0
285.7,14.6,0
384.2,15.38,0
479.4,16.8,0
571.1,18.1,0
603.7,18.94,0
732.2,19.72,0
808,20.96,0
882,22.6,0
916,24.06,0
949,24.3,0
965,25.6,0
962,25.86,0
958,27.26,0
940,27.68,0
889,28.2,0
836,28.86,0
777.4,28.8,0
707.2,28.92,0
626.1,29.1,0
537.4,28.78,0
465.9,28.54,0
423,29.04,0
304.1,29.26,0
180.1,28.2,0
79.71,27.1,0
18.22,25.9,0
2.18,13.34,0
64.52,14.44,0
145.1,16.14,0
236.8,18.22,0
330.8,19.8,0
424.9,20.92,0
516.4,22.22,0
600.4,23.62,0
685.2,23.42,0
769.7,25.9,0
836,26.88,0
890,27.52,0
919,27.8,0
947,28.86,0
957,30.2,0
965,30.04,0
999,30.92,0
726.3,31.5,0
895,31.22,0
585,32.7,0
740.8,32.24,0
758.2,32.84,0
247.8,31.84,0
478.4,31.4,0
213.9,32.18,0
84.6,30.1,0
154.9,29.66,0
24.6,28.3,0
7.4,26.5,0
1,25.66,0
14.54,13.6,0
95.8,14.2,0
181.7,15.5,0
274.2,17,0
366.3,18.98,0
464.4,20.26,0
553.5,21.3,0
637.7,23.3,0
714.4,23.9,0
788,25.46,0
849,26.08,0
895,27.28,0
931,28.48,0
948,29.3,0
958,30.1,0
950,30.94,0
928,31.96,0
892,31.82,0
845,31.72,0
963,32.88,0
96.5,31.1,0
78.43,29.8,0
117.6,28.8,0
53.98,28.04,0
18.73,27.3,0
44.38,26.6,0
70.81,26.5,0
47.62,25.9,0
39.85,25.2,0
3.51,14.3,0
50.49,14.8,0
129.7,16.2,0
217.6,17.94,0
310.9,19.7,0
404,19.9,0
494.9,21.24,0
582,23.12,0
664.1,24.46,0
738.3,25.3,0
803,27.18,0
860,28.74,0
904,30.2,0
930,30.94,0
948,32.4,0
943,33.48,0
930,34.54,0
898,34.66,0
860,35.12,0
807,35.74,0
738.4,35.92,0
667.6,36.6,0
586.6,36.2,0
501.3,35.72,0
413,35.02,0
323.2,34.7,0
230.3,34.5,0
146.1,33.6,0
67.33,33.08,0
7.76,31.72,0
7.3,19.82,0
78.71,20.1,0
158,21.62,0
247.5,24.16,0
341.2,26.3,0
432.8,28,0
522.4,29.76,0
605.1,30.8,0
685.7,31.92,0
755.1,32.42,0
820,33.42,0
875,34.24,0
912,35.34,0
939,36.04,0
951,36.76,0
942,37.6,0
930,37.5,0
893,37.96,0
853,39,0
797.7,38.96,0
720.8,39,0
650.1,39.3,0
570.1,39.26,0
483.7,39.1,0
394.9,39.2,0
303.5,38.94,0
212.4,38.6,0
124.8,37.9,0
46.34,37.2,0
1.2,34.7,0
16.56,20.8,0
102.4,22.4,0
188.1,24.92,0
278.5,26.3,0
372.3,27.8,0
469.6,29.3,0
559.1,31.16,0
660.4,31.4,0
501.4,32.36,0
792,31.4,0
797,29.88,0
915,28.9,0
905,30.06,0
648.6,31.52,0
523.4,33.42,0
1004,33.4,0
458.6,32.8,0
359,31.98,0
713,32.68,0
360.6,32.32,0
324.6,30.58,0
179.3,29,0
105.4,27.9,0
113.4,27.1,0
67.74,26.1,0
61.19,25.7,0
20.33,25.8,0
19.66,25.2,0
12.56,24.9,0
0.92,19.88,0
14.75,20.2,0
38.03,20.5,0
82.7,20.7,0
178.7,21.5,0
169.6,22.1,0
168.8,22.3,0
176.3,22.76,0
104.4,22.7,0
97.6,21.8,0
96.5,20.6,0
117.1,19.9,0
147.3,19.7,0
234.1,20,0
317.3,20.48,0
331.2,20.5,0
301.1,20.8,0
298.5,20.84,0
217,21.54,0
262,21.96,0
197,21.9,0
142.4,21.78,0
107.3,21.6,0
91.4,21.7,0
109.8,22.2,0
84.9,21.6,0
42.25,21.4,0
21.26,21,0
9.25,20.5,0
9.87,20.5,0
3.46,16.3,0
72.33,16.82,0
147.2,18.38,0
239,20.54,0
330.4,22.4,0
419.5,22.34,0
510.7,23.6,0
596.1,24.18,0
680.3,25.42,0
755.7,26.12,0
822,27.2,0
877,28.1,0
918,28.96,0
945,30,0
960,30.3,0
961,31.78,0
943,32,0
917,32.76,0
867,33.12,0
807,33.76,0
737.1,34.62,0
662.3,34.7,0
579,35.1,0
489.9,35.5,0
396.8,35.52,0
303.3,35.3,0
214.7,34.8,0
129.1,32.26,0
53.85,30.46,0
3.24,28.6,0
12.43,17.18,0
98.3,18.3,0
183.3,19.6,0
273.1,21,0
368.9,22.5,0
462.8,24.5,0
553.5,25.8,0
638.6,27.44,0
720.5,28.6,0
792.1,29.9,0
854,30.4,0
903,32.7,0
943,34.1,0
964,35.14,0
972,35.7,0
966,36.9,0
946,37.66,0
906,38.02,0
862,38.66,0
797.4,39.3,0
735.7,40.14,0
650.1,39.74,0
568.5,39.8,0
478.6,39.8,0
386.5,39.5,0
291.8,39.52,0
199.4,37.36,0
113.3,35.5,0
39.58,33.58,0
3.83,31.3,0
20.85,18.82,0
111.5,20.7,0
201.5,21.66,0
293.1,23.4,0
387.9,24.82,0
480.7,25.76,0
569.1,26.3,0
653.4,27.34,0
733.2,28.08,0
803,29.5,0
864,31.06,0
913,30.88,0
946,32.68,0
965,33.34,0
966,34,0
959,34.22,0
934,35.14,0
902,36.84,0
852,36.02,0
794.8,36.2,0
720.1,36.42,0
638,36.6,0
559.2,35.76,0
470.7,36.02,0
377.6,35.58,0
283.4,33.4,0
195.6,31.7,0
104.3,29.9,0
24.86,27.24,0
1.5,12.96,0
55.73,12.92,0
137.5,14.22,0
231.8,15.2,0
330,16.3,0
428.6,17.58,0
523.5,18.7,0
612.5,19.9,0
695.9,21.1,0
772.2,23.2,0
842,24.76,0
898,25.38,0
943,26.88,0
976,28,0
991,28.68,0
990,29.26,0
977,30.4,0
955,31.34,0
914,30.96,0
861,32.7,0
789.6,31.9,0
714.1,33.08,0
631.1,32,0
543.6,31.86,0
454.1,31.06,0
358.7,30.3,0
261.7,29.62,0
173,28.5,0
90.4,26.42,0
13.68,24.7,0
6.4,10.7,0
79.83,11.4,0
163.9,12.5,0
261.4,13.2,0
359,14.9,0
455.8,15.96,0
549.9,17.74,0
637.5,18.3,0
719.5,20.04,0
793.2,21.3,0
855,21.6,0
909,24.28,0
950,24.6,0
975,26.5,0
989,27.9,0
985,28.72,0
970,29.26,0
931,30.86,0
895,31.28,0
839,31.02,0
769.7,31.56,0
691.9,31.94,0
606.2,32.28,0
518.5,32.18,0
427.5,31.1,0
333.8,30.4,0
239.3,29.3,0
148.7,27.7,0
65.08,25.9,0
3.94,23.6,0
14.88,11.5,0
101.7,12.1,0
185.4,14.12,0
280.2,16.2,0
380.5,17.5,0
477.7,19.6,0
569.8,20.74,0
657.3,23.04,0
742,23.46,0
815,25.16,0
878,26.24,0
927,27.52,0
970,29.72,0
989,30.58,0
1000,31.98,0
1005,32.72,0
1032,33.38,0
989,34.16,0
894,35,0
807,35.3,0
757.8,36.9,0
676.8,35.9,0
587.7,36.26,0
498.9,35.8,0
406.6,35.4,0
309.3,35.26,0
215.8,34.2,0
121.6,33.06,0
38.44,31.1,0
6.64,28.96,0
25.37,13.42,0
152.3,15.48,0
235.8,16.84,0
217.8,18.6,0
300.6,19.5,0
457.7,21.12,0
320.2,24.1,0
655.3,24.62,0
394.6,25.84,0
823,27.6,0
862,29.36,0
803,30.2,0
970,30.48,0
1014,31.8,0
616.9,31.9,0
701.5,32.38,0
586,33.12,0
711,34.54,0
832,35.4,0
813,36.66,0
740,36.3,0
654.9,36.6,0
567.9,37.22,0
474.1,36.88,0
388.8,36.58,0
293.5,36.44,0
204,35.2,0
115,34.2,0
35.84,32.56,0
4.15,15.3,0
49.94,14.4,0
132.9,16.5,0
230.8,18.5,0
327.5,19.7,0
425.3,21.1,0
520.7,22.52,0
610.3,23.92,0
696.3,25.52,0
774,25.9,0
844,26.76,0
903,29.18,0
949,30.06,0
985,30.72,0
1005,31.32,0
1008,31.64,0
988,32.52,0
970,33.3,0
927,33.7,0
866,33.84,0
815,34.38,0
732.6,35.24,0
648.2,34.1,0
563.7,33.88,0
470.3,33,0
377.1,31.82,0
280.9,31.1,0
187.4,29.1,0
98.1,28.18,0
21.39,26.5,0
2.07,12.9,0
69.09,13.48,0
155.3,14.84,0
248.4,17.26,0
343.9,18.5,0
441.7,19.62,0
534.6,20.54,0
622.8,21.88,0
707.4,24.58,0
786.8,25.2,0
854,26.5,0
911,28.62,0
951,30.1,0
981,30.34,0
998,31.08,0
993,31.5,0
978,32.6,0
951,33.38,0
911,34.1,0
859,33.96,0
784.9,35.02,0
721.6,34.3,0
633.5,34.8,0
550,34.9,0
449.7,35.2,0
374.4,34.62,0
273.7,34.5,0
125.9,33.7,0
47.81,31.9,0
13.24,29.5,0
8.5,14.9,0
62.9,15.4,0
112.3,16.2,0
275.7,18.7,0
366.3,22.1,0
450.9,24.2,0
475.7,25.16,0
604,26.98,0
614.7,27.8,0
747,28.8,0
874,29.48,0
906,30.34,0
998,31.5,0
990,31.9,0
872,34.06,0
914,34.3,0
962,34.8,0
981,35.3,0
903,35.34,0
881,36.46,0
792.2,36.7,0
738.8,36.98,0
593.2,37,0
520.2,36.7,0
431.3,36.16,0
335.8,35.7,0
262.6,34.76,0
142.8,33.4,0
29.13,31.5,0
3.26,28.96,0
9.45,15.1,0
106.3,15.5,0
194.4,16.4,0
291,17.28,0
388.1,17.5,0
483.8,18.8,0
577.1,20.28,0
663.1,21.3,0
744.5,22.26,0
817,23.6,0
882,24.4,0
932,25.4,0
964,27.48,0
984,27.6,0
995,28.14,0
997,29.12,0
970,30.54,0
942,31.22,0
897,31.58,0
839,31.96,0
762.6,31.76,0
683.4,31.78,0
593.9,31.2,0
510,31.5,0
421.7,31.04,0
324.5,30,0
232.2,28.8,0
140.7,27.5,0
54.25,25.58,0
1.12,23.24,0
12.62,11.82,0
117,13.2,0
207.9,14.98,0
301.1,16.66,0
395.5,18.3,0
489.5,18.72,0
578.9,19.9,0
664.8,21.6,0
741.4,23.44,0
811,23.9,0
874,24.76,0
920,26.16,0
953,27.44,0
975,28.36,0
980,30.1,0
970,30.98,0
944,31.46,0
914,31.56,0
861,31.34,0
799.1,32.44,0
730,33.3,0
645.5,33.68,0
564,32.84,0
480.7,32.96,0
390.5,33.64,0
297.1,32.68,0
205,31.74,0
119.2,30.7,0
37.35,28.54,0
3.84,13.4,0
38.64,13.4,0
124.7,15.1,0
214.7,16.56,0
307.8,18.4,0
402.1,20.42,0
494.6,21.94,0
582.1,24.1,0
667.3,25.04,0
748,25.94,0
815,27.04,0
875,28.3,0
919,29.78,0
956,30.36,0
972,31.9,0
977,32.36,0
965,33.1,0
936,33.5,0
899,34.42,0
848,34.4,0
784.6,34.72,0
711.9,34.7,0
636.4,35.1,0
552.9,35.38,0
462.4,35.5,0
367.9,35.4,0
269.5,34.44,0
180.7,32.68,0
99.1,31.2,0
22.3,29.74,0
1.49,14.8,0
50.64,14.9,0
127.7,16.2,0
216.8,17.48,0
311.6,18.74,0
406.4,20.7,0
498.1,22.5,0
584.8,24.56,0
664.3,25.28,0
745.3,26.04,0
811,27.94,0
866,29.74,0
912,30.4,0
941,31.8,0
957,32.8,0
957,33.82,0
945,34.9,0
919,36.2,0
874,36.34,0
822,36.06,0
760.3,37.06,0
682.2,36.9,0
603.3,37.1,0
519.1,36.64,0
432.8,36.3,0
340,35.72,0
246.9,35.3,0
103.9,34.08,0
31.4,31.8,0
15.82,30.8,0
5.42,18.1,0
64.71,19.8,0
140.9,21.14,0
230.2,23.9,0
323.2,24.9,0
417.3,25.9,0
505.4,27.44,0
587.6,29.5,0
656.6,30.6,0
746.8,32.1,0
814,33.36,0
866,33.76,0
908,34.68,0
933,35.72,0
947,36.4,0
940,37.84,0
917,37.64,0
893,38.1,0
864,39.16,0
810,39.64,0
736.4,40.18,0
651.6,39.66,0
583,39.4,0
498.2,39.4,0
419.5,39.66,0
242.5,38.94,0
221.3,38.4,0
137.1,36.28,0
61.9,34.4,0
4.92,32.78,0
7.72,21.1,0
74.48,21.9,0
170,22.44,0
259.9,25.08,0
352,26.1,0
436.9,27.26,0
521.9,29.06,0
620,29.9,0
701.5,31.44,0
771.5,32.54,0
820,33.62,0
877,35.3,0
913,35.66,0
940,36.6,0
953,37.46,0
946,38.72,0
925,38.64,0
889,39.64,0
843,40.4,0
792.9,40.18,0
725.2,40.7,0
649.6,41,0
565.3,40.8,0
497.3,40.02,0
410.4,39.2,0
343.5,39.18,0
58.83,37.5,0
43.46,34.84,0
16.01,32.14,0
1.5,29.4,0
30.21,17.5,0
139.3,18.4,0
113,19.36,0
179.5,19.7,0
183,19.9,0
281.6,20.9,0
173.8,21.1,0
808,22.74,0
931,23.56,0
835,24.2,0
582.5,25.3,0
589.4,26.3,0
543.9,28.6,0
960,30.96,0
668.4,31.86,0
946,30.84,0
793.8,32.18,0
504.5,31.8,0
993,32.7,0
820,33.4,0
541.8,33.8,0
655.5,34.06,0
558.8,33.66,0
467.6,33.26,0
385.5,32.04,0
189.7,30.34,0
283.5,30.28,0
29.2,28.48,0
18.8,27.4,0
0.77,19.6,0
15,19.56,0
30.63,19.5,0
35.14,19.3,0
70.62,19.32,0
59.27,20.36,0
149.4,20.2,0
599.3,21.8,0
138.4,22.8,0
728.1,24.36,0
789.5,26.36,0
844,28.2,0
891,30.6,0
927,30.62,0
944,32.86,0
984,34.22,0
514.7,33.68,0
596,33.72,0
463.4,34.3,0
866,35.38,0
767.5,35,0
710.6,35.5,0
675.6,34.98,0
353.7,33.3,0
410.8,32.96,0
220.8,32.3,0
298.3,32.58,0
163.1,32.2,0
95,30.5,0
25.51,28.42,0
1.32,14.7,0
48.37,14.7,0
156.1,15.88,0
100.9,16.2,0
253,17.32,0
372.1,19.32,0
500.7,20.66,0
603.6,21.8,0
555.7,24.14,0
762.7,25.88,0
826,27.1,0
869,29.5,0
911,29.6,0
945,30.4,0
947,32.06,0
960,34.2,0
943,34.7,0
916,35.64,0
860,36.86,0
792.5,36.3,0
756.1,37.26,0
683.8,37.7,0
612.1,37.88,0
508.2,37.72,0
429.4,37.7,0
338.8,38,0
247.3,37.4,0
160.3,36.6,0
82.1,35.12,0
12.61,32.92,0
6.1,20.92,0
72.05,21.9,0
149.8,23.12,0
237,24.4,0
336.1,25.4,0
414.3,27.4,0
484.8,28.3,0
601.9,29.38,0
696.5,30.54,0
688.6,32.4,0
729.9,33.74,0
844,35.48,0
930,36.14,0
621,37.2,0
847,38,0
809,38.8,0
932,40.1,0
920,39.62,0
673.7,39.86,0
850,40.46,0
742.3,40.44,0
660.9,41.16,0
564.6,41.74,0
509.5,41.22,0
415.1,41.3,0
331.1,41.3,0
163.2,40.4,0
162.1,39.7,0
86.4,39,0
4,36.6,0
15.59,22.7,0
62.32,22.9,0
128.4,24.12,0
258.1,26.32,0
197.8,28.7,0
406.4,29.9,0
488.7,31.12,0
358.1,31.7,0
716.5,31.62,0
699.4,32.8,0
656.2,32.82,0
591.9,34.04,0
578.8,34.34,0
565.9,35.14,0
569.1,35.6,0
643.8,35.68,0
378.4,35.6,0
726.2,36.36,0
478.6,38.22,0
352.7,38.04,0
786.8,39.32,0
636.6,39.1,0
440.9,39.14,0
322.2,38.48,0
173.2,37,0
133.5,36.18,0
230.3,36.1,0
135.2,35.9,0
45.71,35.6,0
1.69,25.76,0
51,25,0
120.3,25.7,0
219,26.3,0
327,28.66,0
345.9,29.36,0
295.7,28.78,0
607.4,29.78,0
524.1,29.5,0
718.8,30.14,0
861,31,0
849,30.52,0
883,31.36,0
917,32.08,0
935,33.1,0
939,34.5,0
941,34.82,0
904,35.6,0
928,34.8,0
526.1,35.1,0
526.2,35.06,0
318.6,34.52,0
317.3,33.74,0
153.1,33.78,0
79.19,32.2,0
95,32.3,0
62.42,32.3,0
13.53,30.9,0
6.83,30,0
3.17,28.8,0
1.75,19.68,0
16.85,19.7,0
49.5,20.8,0
90.4,21.3,0
283.6,21.9,0
335.3,24.04,0
261,23.5,0
133.1,24.18,0
49.77,22.64,0
269.6,20.56,0
946,23.08,0
418.8,25.54,0
800,27.5,0
929,28.6,0
936,31.24,0
936,33.16,0
919,34.42,0
888,35.16,0
852,35.3,0
796.9,36.5,0
730.4,36.6,0
655.3,37.02,0
573,36.88,0
488.7,37.34,0
400.7,37.36,0
312,36.94,0
232.2,36.12,0
137,34.74,0
60.93,32.92,0
5.65,30.78,0
25.47,18.3,0
73.23,18.4,0
108.6,18.8,0
335.9,20.6,0
176.8,21.8,0
262.4,21.3,0
563.6,22.5,0
612.1,25.06,0
707.2,27.44,0
774.2,29.2,0
839,31.04,0
914,32.1,0
943,33.54,0
937,34.68,0
947,35.1,0
946,35.6,0
961,37.3,0
529.6,37.34,0
732.3,37.5,0
488.1,38,0
487.9,38.8,0
306.5,38.58,0
421,38.18,0
442.5,37.96,0
440.2,37.9,0
156.2,36.2,0
202.6,35.22,0
111,33.72,0
24.14,31.62,0
3.84,15.7,0
38.78,15.7,0
121.4,16.44,0
210.2,17.5,0
302.1,18.3,0
393.2,19.2,0
482.2,19.88,0
567.9,20.86,0
650.1,22.74,0
726.4,23.22,0
792.6,24.3,0
850,25.34,0
894,26.14,0
925,26.8,0
939,28.08,0
942,29.44,0
932,31,0
907,31.4,0
880,31.76,0
470.4,31.9,0
786.7,31.88,0
685,33.2,0
602.7,32.6,0
521.7,31.76,0
432.2,31.2,0
343.2,30.4,0
251.6,28.72,0
164.2,27.24,0
55.49,25.72,0
11.39,24.12,0
4.15,14.8,0
31.61,15.4,0
54.65,15.84,0
88.6,16,0
159.6,16.5,0
302.7,17.64,0
518,18.98,0
605,19.92,0
713.2,21.16,0
769.6,21.98,0
802,24.26,0
869,25.52,0
910,27.16,0
938,28.32,0
721.9,28.94,0
945,30.7,0
929,31.76,0
899,32.04,0
853,32.02,0
793,32.4,0
725.4,33.7,0
648.5,33.06,0
568.4,33.3,0
482.3,33.7,0
394.7,33.7,0
301.4,33.34,0
213,31.8,0
127.6,30.2,0
50.22,28.52,0
1.43,26.7,0
14.98,15.6,0
89.6,16.2,0
220.4,17.6,0
265,18.02,0
379.8,19.16,0
413.8,19.9,0
569.7,20.7,0
609.9,22.5,0
769.9,22.96,0
822,23.7,0
927,25.24,0
983,26.22,0
937,27.14,0
1033,27.58,0
1020,28.6,0
951,28.54,0
938,29.06,0
887,30.66,0
832,31.94,0
778.3,32.7,0
794,33.1,0
656.8,32,0
317.7,31.64,0
576.8,32.24,0
324.3,31,0
145.5,29.8,0
106.5,28.2,0
97,26.9,0
27.98,25.36,0
1.27,14.7,0
30.56,14.8,0
61.99,15.4,0
83.1,15.7,0
121.5,16.1,0
187.3,16.6,0
524,17.82,0
556.6,19.86,0
692.3,20.84,0
770.2,21.2,0
822,22,0
857,23.12,0
452.7,24.56,0
841,25.7,0
1086,26.44,0
979,26.5,0
360,27.42,0
581.8,28.86,0
1015,27.96,0
822,28.32,0
624.3,29.44,0
702.1,29.68,0
555,29.4,0
334.9,27.88,0
437.1,27.02,0
362.1,26.9,0
162.3,25.14,0
151.7,23.36,0
32.1,21.6,0
2.34,20.04,0
3.65,15.5,0
10.94,15.5,0
25.57,15.5,0
50.21,15.6,0
66.81,15.9,0
67.75,16.1,0
115.6,16.4,0
109.3,16.8,0
105.9,17.2,0
176.3,17.7,0
329.2,18.8,0
319.1,19.6,0
346.8,20.4,0
322.1,20.9,0
603.8,21.18,0
978,22.04,0
993,24.44,0
941,24.68,0
863,24.86,0
892,25.44,0
729,26.62,0
590.4,27.14,0
583.3,26.74,0
276.8,24.84,0
354.4,24.08,0
251.9,22.6,0
163.6,21.3,0
30.11,19.4,0
7,18.4,0
0.13,15.8,0
8.73,15.7,0
30.14,16,0
68.39,16.3,0
117.7,16.7,0
144.2,17.2,0
189.8,17.4,0
308.9,18.62,0
426.7,19.66,0
431.6,20.1,0
587.4,20.14,0
405.5,20.4,0
964,21.74,0
389,23.88,0
634.9,23.7,0
497.7,23.38,0
1110,24.86,0
896,26,0
881,26.36,0
806,27.4,0
755.4,27.3,0
412,27.94,0
747.9,26.62,0
486.8,26.58,0
396.9,26.4,0
308.1,26.52,0
215.7,25.5,0
143.3,24.6,0
36.45,23.5,0
2.03,22.48,0
12.85,14.1,0
97.4,14.6,0
181,16.2,0
270.5,17.04,0
364.6,18.2,0
455.6,19,0
542,19.86,0
626.2,21.82,0
705.3,22.24,0
771.6,24.1,0
833,25.1,0
880,26,0
915,27.3,0
935,27.72,0
943,28.82,0
939,29.3,0
927,29.74,0
868,30.2,0
823,30.56,0
772.5,30.72,0
714.4,30.6,0
617.3,30.12,0
529,30.78,0
442.4,29.72,0
346.9,29.3,0
266.9,27.82,0
116.8,26.66,0
28.1,25.4,0
10.28,24.32,0
2.73,16.68,0
40.27,17,0
67.95,17.94,0
144.7,18.6,0
180.7,18.68,0
144.1,18.6,0
225.1,19.2,0
274.1,19.6,0
290.9,20.7,0
773.1,21.58,0
664.6,23.04,0
468.4,25.08,0
674.3,25.38,0
947,27.36,0
932,27.7,0
943,29.1,0
824,29.58,0
860,30.66,0
877,30.6,0
709.8,30.4,0
627.3,30.74,0
577.8,29.9,0
373.9,29.9,0
477.1,29.8,0
386.2,29.5,0
295.6,28.96,0
206.9,28.5,0
118.5,28.1,0
17.59,26.72,0
3.83,24.8,0
16.65,14,0
110.1,15.06,0
191.9,17,0
292.9,19,0
386.8,20,0
474.5,21.22,0
562.8,22.5,0
646.5,23.2,0
724.7,25.4,0
794.5,26.42,0
848,27.44,0
892,28.1,0
923,29.16,0
941,30,0
942,30.52,0
930,32,0
911,32.34,0
876,33.72,0
828,34.46,0
790.6,34.16,0
669.6,34.2,0
635.8,34.4,0
255.7,33.3,0
204.4,32.4,0
444.2,32.42,0
125.9,32.5,0
196.1,29.9,0
75.1,28.94,0
8.42,27.34,0
10.03,15.5,0
77.98,15.9,0
196,17,0
141,18.5,0
130.8,19.2,0
455.3,20.2,0
535,21.7,0
617.3,22.3,0
697.8,23.9,0
768.8,24.74,0
832,26.12,0
881,27.2,0
917,27.4,0
938,29.2,0
944,30.3,0
940,31.06,0
921,31.12,0
886,31.96,0
842,32.52,0
783.8,32.86,0
713.2,32.78,0
631.7,32.58,0
551.1,32.7,0
463.8,31.7,0
373.3,31.44,0
283.1,31.1,0
193.8,29.9,0
107,28.7,0
26.79,26.58,0
1.48,13.4,0
53.68,13.86,0
134.9,15.32,0
228.8,16.8,0
319.9,17.8,0
413.1,19.6,0
506.3,20.38,0
593.8,22.72,0
675.2,24.06,0
753.4,25.66,0
819,27.1,0
877,28.66,0
921,29.5,0
947,30.26,0
956,30.8,0
958,32.3,0
940,32.62,0
900,32.94,0
864,35.08,0
795.1,35.34,0
731.9,35.44,0
656.6,35.76,0
575.6,36.12,0
484.7,35.38,0
389.9,35.6,0
299.8,35.4,0
210.8,34.56,0
124,34,0
43.98,32.14,0
4.34,29.66,0
20.13,17.1,0
105.2,17.8,0
192.5,18.9,0
283.2,20.02,0
377.3,20.9,0
470.5,22.44,0
557.7,24.32,0
639.3,25.46,0
716.4,27.6,0
780.4,28.96,0
841,30.6,0
885,31.62,0
913,32.74,0
930,34.5,0
929,34.7,0
918,35.6,0
892,35.14,0
849,35.5,0
799.1,35.5,0
732.9,36.18,0
659.8,36.7,0
578.5,35.84,0
496.9,35.64,0
407.5,35.32,0
316.3,34.4,0
226.5,33.16,0
139.5,32.24,0
55.08,30.66,0
3.45,29.04,0
10.75,16.3,0
93.2,16.98,0
176.4,19.86,0
270.8,20,0
364.4,21.06,0
465.4,22.8,0
561.3,24.28,0
640.6,25.8,0
744.5,26.92,0
717.4,27.8,0
570.5,28.7,0
927,30.8,0
935,30.62,0
938,32,0
951,34.18,0
942,34.58,0
921,35.16,0
878,36.28,0
836,37,0
769.4,37.82,0
702.9,37.3,0
627.5,37,0
549.9,37.62,0
460.2,37,0
273.9,37.16,0
256.9,36.26,0
167,34.1,0
86.1,32.68,0
12.52,30.9,0
4.01,15.8,0
15.61,15.7,0
44.13,15.8,0
91.5,16.4,0
143.8,16.9,0
137,18.42,0
539.4,20,0
619.2,21.5,0
691.9,21.9,0
766.5,24.3,0
831,25.38,0
879,27.28,0
915,29.68,0
938,31.04,0
947,31.82,0
940,32.6,0
924,33.78,0
891,34.88,0
844,33.9,0
786.5,34.38,0
716,34.56,0
634,34.28,0
548.4,35.26,0
458.1,35,0
367.3,34,0
272.6,33.8,0
182.5,33.1,0
95.8,30.9,0
19.41,29.1,0
4.39,17.36,0
73.08,18.2,0
164,19.72,0
242.1,21.6,0
331,23.72,0
414.6,24.7,0
502.3,26.3,0
587,27.9,0
667.4,28.26,0
740.7,28.86,0
802,30.4,0
851,31.2,0
888,32.52,0
914,32.46,0
922,32.54,0
802,33.3,0
841,33.7,0
767.6,34.58,0
716.9,34.68,0
698.8,34.8,0
639.8,34.66,0
607.2,35.28,0
433.1,34.7,0
274.4,34,0
275.8,33.7,0
168.7,33.66,0
105.4,33,0
55.73,32.3,0
27.01,31.8,0
2.89,22.5,0
60.56,22.1,0
133.5,23.18,0
219.9,24.9,0
313.3,26.52,0
406.7,27.4,0
494.4,28.7,0
580.6,29.06,0
661.2,30.36,0
725.3,32.44,0
790.4,32.46,0
842,33.86,0
880,34.3,0
904,34.82,0
914,34.9,0
911,35.4,0
888,36,0
859,36.88,0
811,36.62,0
751.9,37.24,0
686.7,36.64,0
608.8,37.44,0
528.9,37.48,0
446.4,37.18,0
376.7,35.94,0
359.8,35.2,0
266.6,34.34,0
116.3,33.18,0
22.24,31.3,0
1.36,19.5,0
31.37,20.3,0
73.04,20.6,0
99.9,20.66,0
144.3,21.14,0
189.7,21.8,0
270.1,23,0
263,23.08,0
742.4,25.4,0
604.4,26.3,0
792.9,28.1,0
873,30.46,0
819,30.9,0
915,32.2,0
905,33.46,0
905,34.48,0
889,33.28,0
858,34.12,0
811,34.7,0
753.3,35.6,0
683.4,35.34,0
608.7,35.04,0
526.1,35.32,0
441.1,34.7,0
352.1,33.62,0
262.9,31.86,0
185.5,30.1,0
117.2,28.7,0
38.82,27.1,0
1.4,16.5,0
52.21,16.6,0
131,17.8,0
220.7,19.4,0
343.8,20.82,0
421.6,22.38,0
500.5,22.7,0
602.3,24,0
667.1,24.46,0
743.3,25.28,0
810,25.94,0
861,27.1,0
923,27.42,0
792.8,28.6,0
650.4,29.5,0
1208,30.04,0
483.7,29.32,0
964,30.86,0
845,31.72,0
786.9,31.94,0
720.6,31.76,0
637.4,30.8,0
550.3,30.52,0
464.2,29.46,0
369.2,27.7,0
278.7,26.7,0
192.1,25.4,0
103.8,24.2,0
10.15,22.24,0
1.91,12.5,0
62.18,12.6,0
144,14.14,0
240.9,15.7,0
335,16.8,0
431.6,18.5,0
524.4,19.04,0
614.1,19.92,0
691,20.9,0
764.6,22.38,0
832,22.6,0
881,24.06,0
920,24.94,0
950,26.32,0
960,26.94,0
952,28.36,0
939,28.36,0
920,29.3,0
863,30.28,0
825,30.04,0
518.9,30.94,0
816,30.18,0
613.8,29.8,0
467.3,30.04,0
371.7,29.6,0
278,29.6,0
182.8,28.82,0
95.9,27.28,0
18.18,25.34,0
4.14,13.28,0
71.31,13.38,0
155.1,15.3,0
245.7,16.8,0
345.4,17.5,0
443.4,18.58,0
537.2,19.64,0
624.8,20.42,0
706.5,21.92,0
781.1,24.22,0
840,25.52,0
894,25.54,0
929,27.8,0
957,28.2,0
961,29.54,0
961,30.46,0
934,29.82,0
894,32.1,0
843,32.44,0
784.2,32.12,0
720.6,32.7,0
634.9,33.3,0
547,32.74,0
455,32.52,0
363.7,32.26,0
269,31.8,0
176.9,30.5,0
90.1,29.7,0
9.12,28.2,0
7.38,14.3,0
94.5,15.3,0
180.1,16.9,0
272.1,18.6,0
367.2,19.3,0
461.4,20.06,0
552,21.2,0
636.1,22.64,0
717.8,24.12,0
784.5,25.42,0
841,27.32,0
889,27.72,0
923,28.88,0
942,30.06,0
945,30.6,0
937,31.32,0
912,31.7,0
876,32.44,0
827,32.76,0
764,33,0
689.9,32.34,0
609.8,32.62,0
521.8,32.64,0
432.3,32.26,0
338.4,31.96,0
245.1,31.82,0
151.5,30.14,0
67.04,28.46,0
2.19,26.2,0
12.86,12.9,0
104.5,14.6,0
193.4,16.54,0
286.7,17.8,0
382,19.3,0
474.7,20.1,0
561.9,21.5,0
647.8,23,0
724.3,24.2,0
794.1,25.46,0
852,26.66,0
894,28.12,0
929,29.98,0
942,30.9,0
943,31.2,0
928,31.94,0
904,32.3,0
859,32.3,0
798.5,33.08,0
733,32.7,0
656.7,33.2,0
575.1,33.58,0
488.2,33.5,0
395.9,32.5,0
301.5,32,0
211,31.5,0
120.8,29.8,0
43.08,28.1,0
3.84,15.5,0
38,14.8,0
124.7,18.24,0
217.5,20.1,0
316.1,22.06,0
413.6,24.16,0
503,25.44,0
586.9,26.06,0
669.5,27.42,0
751.3,28,0
816,29.42,0
871,29.48,0
913,30.36,0
939,31.7,0
954,32.04,0
951,32.78,0
933,33.66,0
898,34.2,0
858,34.32,0
785.2,34.58,0
721.5,35.36,0
643.9,34.9,0
563.3,34.54,0
478.3,34.4,0
382,34.1,0
291.2,34.1,0
197.1,33.9,0
105.3,33.1,0
22.31,32.42,0
3.79,15.58,0
75.34,16.8,0
159.1,19.14,0
253.1,22.12,0
349.1,24.4,0
444.4,26.34,0
534.3,27.72,0
620.5,28.68,0
699.9,30.28,0
774.1,30.7,0
839,31.84,0
887,34.16,0
923,34.4,0
943,35.22,0
949,36.32,0
944,36.8,0
910,37.72,0
875,37.92,0
822,39.18,0
757.3,38.92,0
682,39.02,0
602.9,38.94,0
519.3,38.5,0
428.5,38.88,0
337.4,38.8,0
242.3,38.3,0
152.5,37.6,0
68.14,36.72,0
3.32,35.26,0
13.96,19.34,0
100.2,20.6,0
187.8,22.5,0
280.1,25.02,0
378.4,26.84,0
472.9,28.52,0
563.7,30,0
646.8,32.72,0
724.3,33.86,0
791.5,34.82,0
852,35.54,0
895,36.42,0
924,37.92,0
934,38.2,0
938,38.86,0
926,40.04,0
893,39.98,0
844,40.9,0
793.9,42.1,0
726.5,40.96,0
645.1,40.88,0
563.5,41.1,0
475.7,41.1,0
381.8,40.9,0
281.3,40.5,0
188.5,39.9,0
113.1,39.2,0
37.94,38.46,0
3.97,18.7,0
47.14,18.7,0
120.7,20.12,0
211,22.06,0
312.5,22.62,0
413.4,23.6,0
496.1,25,0
576.6,26.36,0
663.7,27.4,0
735.1,29.46,0
795.8,30.64,0
838,32.12,0
874,32.94,0
899,35.14,0
908,35.7,0
899,36.24,0
856,36.84,0
821,37.2,0
779.7,38.66,0
711.5,39.12,0
644.4,39.6,0
574.1,40.2,0
533.9,38.9,0
463.3,39.1,0
404.1,39,0
96.3,37.62,0
75.85,36,0
47.12,34.2,0
2.92,31.92,0
4.17,20.5,0
23.06,20.8,0
56.53,20.4,0
52.55,20.8,0
106.3,21.1,0
231.2,23.5,0
224,23.78,0
326.1,26.08,0
498.4,27.66,0
359.6,27.1,0
271.6,29.4,0
370.4,29.76,0
339.9,29.5,0
344.8,30.9,0
832,31.92,0
584.7,33.74,0
1115,35.42,0
298.9,35.14,0
306.7,34.2,0
971,35.58,0
351.3,35.94,0
390.7,35.78,0
192.8,34.7,0
398.8,34.5,0
259.7,32.7,0
168.5,31.1,0
86.9,29.66,0
24.69,27.36,0
1.16,17.5,0
56.72,17.74,0
136.7,18.3,0
208.6,19.3,0
300.1,20.1,0
389.5,21,0
476.4,22,0
560.6,22.4,0
634,23.8,0
708.4,25.04,0
771.5,26.2,0
826,27.3,0
862,27.9,0
884,28.18,0
890,28.04,0
882,29.28,0
860,30.1,0
825,31.18,0
772.7,31.4,0
711.5,31.7,0
634.4,33.82,0
553.1,33.24,0
468.2,33,0
381.8,33.1,0
280.8,32.8,0
178.4,31.9,0
106.9,30.98,0
44.94,29.6,0
1.52,27.6,0
8.93,16.6,0
14.36,16.74,0
71.47,16.9,0
279.9,18.2,0
371.8,19.3,0
464.4,20.42,0
549.4,21.12,0
630.3,22.14,0
706.5,24.16,0
774.6,24.02,0
828,26.76,0
871,28.2,0
900,29.18,0
916,29.58,0
910,31.2,0
893,31.42,0
860,32.56,0
821,33.24,0
698,33.32,0
548.4,33.2,0
536,33.3,0
489,33.4,0
378.7,32.9,0
198.2,33.7,0
255.7,32.42,0
158.6,31.2,0
59.34,29.36,0
16.91,27.5,0
8.29,15.2,0
82.4,15.58,0
167.4,16.78,0
258.9,17.5,0
357.1,18.12,0
449.8,19.02,0
540,20.12,0
622.5,21.12,0
700.1,22.48,0
765.9,23.92,0
824,24.88,0
860,25.7,0
897,27.36,0
911,27.5,0
906,29.22,0
899,30.4,0
871,30.68,0
834,30.72,0
781,31.64,0
720.2,33.12,0
641.7,31.94,0
558.8,31.66,0
472.2,31.84,0
380,31.38,0
286.1,30.4,0
197,29.12,0
107.7,27.6,0
27.52,25.42,0
1.71,15.36,0
39.06,15.3,0
62.96,16.1,0
274.8,17.3,0
263.4,17.7,0
463.2,19.14,0
548.4,19.56,0
603,20.86,0
682.1,22.52,0
755.5,23.6,0
415.3,23.66,0
796.7,24.54,0
443,25.14,0
701.6,25,0
288.2,24.9,0
336.3,24.8,0
221.2,23.92,0
295.7,23.92,0
833,25.9,0
351.7,26.84,0
486.8,26.44,0
137.5,25.3,0
216.3,24.56,0
229.8,26.04,0
376.7,23.96,0
218.6,24.56,0
25.65,23.58,0
28.27,22.46,0
3.84,13.2,0
51.61,13.1,0
138.4,15.1,0
232,16.94,0
326.2,18.4,0
418.6,19.5,0
510.6,20.78,0
596.7,22.74,0
678,23.26,0
756.5,23.8,0
816,25.3,0
867,27.2,0
901,28.3,0
926,28.6,0
929,30.14,0
918,30.56,0
902,31.3,0
867,31.98,0
815,32,0
747.6,32.7,0
678.8,33.58,0
591.6,33.28,0
512.2,33.28,0
423,33.56,0
336.8,32.8,0
247.3,32.84,0
151.8,32.38,0
47.75,31.42,0
4.19,29.58,0
18.72,17.3,0
124.5,19.1,0
204.7,21.36,0
312.6,23,0
334.1,23.4,0
490,24.62,0
310.1,26,0
438.1,27.3,0
308.3,27.7,0
523.6,28,0
763.2,29.18,0
448.1,30.14,0
421.4,29.8,0
488,30.46,0
451.4,31.2,0
439.1,31.3,0
519.6,31.38,0
511.4,32.56,0
326.4,32.44,0
277.3,32.2,0
348.5,31.76,0
143.5,31.7,0
115,30.86,0
98.4,30.3,0
74.47,29.68,0
50.23,28.9,0
20.04,28.02,0
2.76,26.8,0
28.44,19.9,0
38.42,19.5,0
152.6,19.6,0
138.1,20.1,0
331.3,20.66,0
604.4,22.56,0
277.2,25.08,0
511.4,25.48,0
392.8,25.78,0
395.9,25.8,0
509.9,26.5,0
662.1,28.04,0
886,29.34,0
970,30.2,0
923,29.7,0
883,31.72,0
846,32.28,0
802,32.8,0
775.5,33,0
650.6,33.1,0
524.3,32.66,0
555.1,32.58,0
418.2,32.7,0
315.2,32.5,0
212.9,31.3,0
123.5,30.14,0
46.51,28.4,0
3.83,26.28,0
27.76,14.8,0
93.5,15.5,0
182.9,16.8,0
276.4,18.1,0
369.5,19.1,0
456,20.18,0
549.2,22.2,0
630.5,22.5,0
696.3,24.1,0
755.4,25.42,0
803,25.82,0
835,27.12,0
863,28.02,0
873,29.24,0
859,29.48,0
843,30.1,0
806,31.4,0
763.3,31.1,0
696.2,31.5,0
621.6,32.1,0
540.8,31.7,0
455.2,31.86,0
375.1,31.34,0
287.2,30.9,0
188.1,30.5,0
96.9,28.8,0
27.02,27,0
3.84,14.2,0
36.55,14.2,0
122.2,15.8,0
213.5,17.6,0
310.1,19.1,0
403.9,20.1,0
499.4,21.9,0
589,24.08,0
671.3,25.2,0
742.1,26.38,0
811,28.18,0
858,28.6,0
893,29.72,0
906,31.28,0
907,31.9,0
887,32.5,0
858,33.14,0
830,33.5,0
773.4,34.78,0
711.3,35.2,0
641.3,34.6,0
581.5,35.44,0
561,35.9,0
390.8,35.5,0
290.3,34.92,0
194.9,34.66,0
110.3,33.12,0
38.09,30.44,0
1.41,16.8,0
68.33,16.7,0
146.6,17.7,0
227.7,18.8,0
335.3,20,0
445.3,20.7,0
526,22.64,0
625.8,24.12,0
512.8,25.22,0
795.4,25.76,0
818,27.16,0
865,27.5,0
894,28.6,0
906,28.42,0
918,29.54,0
894,30.3,0
871,31.18,0
841,31.3,0
780.9,31.68,0
731.1,31.64,0
464.4,31.7,0
481.8,31.1,0
204.3,30.66,0
183.6,28.8,0
184.3,27.9,0
97.8,26.9,0
82.6,25.76,0
10.17,24.28,0
5.97,14.46,0
89,15.5,0
176.3,17.08,0
269.8,18.2,0
368.1,19.04,0
461.7,20.12,0
550.4,21.08,0
639,21.4,0
728.7,23.72,0
779.9,24.42,0
805,26.38,0
871,27.12,0
900,28.94,0
909,29.72,0
900,30.26,0
892,31.68,0
856,32.74,0
811,32.76,0
758.1,32.7,0
683.3,32.6,0
603.2,32.56,0
519.9,31.7,0
433.7,32.08,0
343,31.4,0
243.9,30.66,0
151,29.5,0
69,27.94,0
2.95,26.2,0
13.16,14,0
112.3,15.78,0
204.8,17.94,0
299.1,19.78,0
392.9,21,0
486,22.22,0
572.9,23.34,0
652.6,25.36,0
725.2,25.44,0
787.4,27.4,0
841,27.9,0
879,29.58,0
901,30.3,0
911,30.8,0
902,31.34,0
880,31.6,0
841,31.5,0
794,32.36,0
731.9,32.6,0
662.3,34.12,0
582.1,32.5,0
494.1,32.1,0
403.8,32.72,0
312.7,32.5,0
217.8,31.34,0
126,30.72,0
39.65,29.28,0
4.35,14.8,0
59.63,15.4,0
145.7,16.7,0
241.6,19.02,0
336.6,20.7,0
430.8,21.7,0
521.5,22.78,0
605.8,23.9,0
684.9,25.44,0
753.1,26.56,0
812,27.36,0
857,28.68,0
889,29.7,0
906,30.7,0
906,30.9,0
897,31.86,0
869,32.42,0
827,32.54,0
772.2,33.68,0
704.6,33.76,0
625.8,32.7,0
541.8,32.06,0
454.1,32.1,0
364.6,31.14,0
270.2,30.7,0
176.7,29.3,0
90.7,28.3,0
9.51,26.76,0
8.85,14.5,0
111.8,15.14,0
193.6,16.8,0
286.6,17.9,0
382.4,18.5,0
477.2,19.14,0
564.7,20.34,0
647,22.28,0
721.6,23.7,0
787,24.02,0
841,25.32,0
880,27.6,0
908,27.94,0
918,30.08,0
913,30.3,0
890,30.5,0
858,32.06,0
810,32.66,0
753.9,32.84,0
682.1,32.98,0
596.8,32.76,0
507.8,32.7,0
419,32.58,0
321,32.1,0
226,31.7,0
132.2,31.24,0
44.09,30.46,0
4.1,14.36,0
62.17,16.1,0
150.4,16.88,0
259.5,20.64,0
341.2,23.1,0
428.1,24.38,0
544.9,25.9,0
625.2,26.6,0
625.1,27.66,0
788.7,29.06,0
776.6,30.98,0
889,32,0
969,33,0
946,33.8,0
1044,34.98,0
1037,35.7,0
951,35.44,0
605.3,35.7,0
883,36.2,0
746.3,36.6,0
642.3,36.7,0
551.9,36.96,0
476.6,36.96,0
388.5,37.22,0
271.9,36,0
180.6,35.6,0
90.8,35,0
5.67,32.46,0
18.29,15.7,0
123.4,17.18,0
236,20.08,0
310.2,22.96,0
384.1,25.62,0
509,27.92,0
610.4,29.8,0
689.5,30.7,0
767.7,32.18,0
833,33.26,0
890,34.8,0
814,35.9,0
903,36.64,0
937,36.7,0
886,37.44,0
873,38.6,0
743.1,38.74,0
767.3,39.26,0
726.1,39.4,0
617.8,39.8,0
565.6,39.38,0
504.6,39.3,0
438.5,39.26,0
324.7,39,0
215.9,38.66,0
154.5,37.7,0
41.94,36.2,0
3.51,20.26,0
80.2,20.62,0
171.3,21.96,0
273,23.6,0
376.3,26.16,0
463.1,30.52,0
557.8,31.3,0
330.4,32.5,0
696.1,33.68,0
779.5,34.06,0
836,35,0
870,37.1,0
894,36.9,0
863,38.24,0
907,38.7,0
864,39.7,0
827,39.76,0
794,39.9,0
736.1,40.1,0
660.7,40.8,0
582.2,40.26,0
495,40.12,0
401.6,40.1,0
306.2,39.7,0
214.1,39.1,0
120.1,38.22,0
38.55,36.8,0
3.84,17.5,0
44.31,17.1,0
129.5,17.88,0
226.3,19.3,0
322.2,20.6,0
420.7,21.72,0
510.2,22.6,0
595.3,24.5,0
675.5,25.6,0
746.5,27.36,0
806,28.48,0
855,29.34,0
835,30.92,0
882,31.1,0
949,31.9,0
911,32.4,0
868,34.52,0
823,34.88,0
750.3,35.64,0
688.5,35.84,0
603,36.6,0
466.8,36.52,0
395.4,36.12,0
348.2,35.84,0
255.2,35.2,0
138.8,33.6,0
46.9,32.3,0
2.23,29.62,0
29.54,13.6,0
121.5,14.36,0
220.2,15.68,0
322.1,16.8,0
420.1,17.5,0
505.7,18.62,0
599.8,20.54,0
684,22.8,0
752.8,24.26,0
811,25.54,0
856,27.34,0
889,28.26,0
904,30.04,0
902,30.92,0
891,31.6,0
859,32.36,0
818,32.82,0
761.4,33.28,0
688.3,33.84,0
614,33.8,0
530.5,33.94,0
436.1,33.06,0
350.7,33.02,0
256.4,32.4,0
192.1,31.3,0
105.9,30.06,0
3.32,27.66,0
30,13.4,0
113.8,14.2,0
211.7,15.6,0
312.5,16.7,0
410.3,17.5,0
499.7,18.78,0
587.2,20.1,0
669.4,21.02,0
740.4,22.76,0
796.1,24.12,0
836,26.18,0
878,27.24,0
864,27.3,0
894,28.58,0
849,30.7,0
797,30.14,0
767.6,30.46,0
723.9,31.74,0
633.2,32.04,0
541.4,32.08,0
480.9,32.1,0
342.2,32.46,0
265.9,30.6,0
174.5,30.14,0
91.6,28.8,0
38.23,27.22,0
1.73,25.48,0
13.99,13.54,0
44.31,14,0
110.7,14.9,0
136.7,15.7,0
356,16.58,0
441.9,17.9,0
545.6,19.1,0
630.1,20.9,0
706.4,22.4,0
771,24.48,0
812,25.54,0
855,26.82,0
876,28.26,0
880,29.02,0
867,30.14,0
834,30.38,0
783,30.4,0
736.2,30.26,0
665.6,30.66,0
589.1,31.68,0
510.4,31.92,0
420.7,31.14,0
333.9,31.38,0
246.7,30.86,0
154.7,29.98,0
69.89,28.56,0
2.54,26.7,0
25.85,12.5,0
107.1,13.8,0
205.3,15.7,0
300.5,16.7,0
398.9,17.88,0
493.2,19.42,0
577.7,20.5,0
654.2,23.34,0
723.9,24.74,0
783.1,26.12,0
826,27.38,0
857,28.66,0
875,30.1,0
873,30.52,0
861,31.12,0
832,31.8,0
785.6,32.38,0
731.5,33,0
672.1,33.42,0
591.3,34.34,0
514.8,33.5,0
427.8,33.64,0
333.6,32.98,0
241,32.3,0
147.4,31.76,0
59.8,29.9,0
4.28,27.8,0
37.83,14.8,0
128.2,16,0
221.3,17.6,0
315.7,18.4,0
411.3,19.82,0
501.2,20.3,0
585.7,22.2,0
661.9,24.16,0
731.3,25.98,0
787.1,27.2,0
832,28.42,0
863,30.18,0
874,30.46,0
876,31.6,0
861,32.12,0
834,33.92,0
791.7,34.8,0
762.7,35.22,0
607.3,35.38,0
584.3,35.4,0
510,35.5,0
406.9,34.7,0
308.5,34.46,0
222.4,33.58,0
127.8,32.98,0
39.69,31.76,0
2.81,13.7,0
72.58,14.78,0
164.3,17,0
258.4,19.8,0
352.5,20.24,0
448.3,22.44,0
538.6,24.02,0
617.4,24.92,0
691.6,27.04,0
757.2,27.98,0
807,30.4,0
847,31.08,0
871,32.56,0
879,33.36,0
870,34.1,0
852,34.6,0
813,35.12,0
765.3,35.54,0
699.3,35.82,0
628.2,36.28,0
550.1,35.5,0
470.4,35.56,0
386.4,35.2,0
288.7,35.4,0
196.6,34.7,0
106.1,33.58,0
14.17,31.2,0
6.08,16.14,0
108.4,17.98,0
200.1,20.66,0
285.1,23.6,0
376.8,24.7,0
470,26.34,0
554.3,27.7,0
634.8,28.94,0
704.9,30.12,0
762.4,31.74,0
805,33.3,0
838,33.8,0
858,34.62,0
789.3,35.14,0
857,35.56,0
826,35.64,0
787.9,37.16,0
779.9,36.38,0
453.7,36.98,0
408.8,36.6,0
523,37.76,0
410.6,37.3,0
244.1,36.5,0
118.8,35.48,0
69.34,34.72,0
33.25,33.76,0
3.83,31.9,0
55.55,18.32,0
148.2,20.7,0
232.8,23.42,0
321.7,25.3,0
412.2,26.72,0
500.1,28.3,0
580,29.38,0
654.1,32,0
720.9,32.1,0
771.2,33.9,0
812,34.02,0
838,35,0
848,35.44,0
845,36.24,0
832,37.32,0
782.3,38.22,0
668.1,38.12,0
702,38.56,0
631.1,38.5,0
526.6,37.9,0
423.3,37.8,0
399.5,37.8,0
283.6,37.9,0
180.8,37.18,0
40.63,36.1,0
12.34,34.86,0
11.59,19.3,0
67.11,21.1,0
166.3,23.02,0
267.2,25.4,0
351.9,28.84,0
468.1,29.8,0
466.7,30.86,0
584.5,32,0
589.5,32.42,0
697.1,33.68,0
825,35.98,0
802,36.6,0
555.8,37.6,0
595.7,37.1,0
471.4,37.88,0
680.1,37.78,0
803,37.94,0
788.6,38.06,0
318,36.7,0
336.7,36.4,0
657.4,37.86,0
229.6,37.38,0
407.1,37.4,0
98.7,35.88,0
52.37,34.1,0
21.37,32.48,0
1.43,19,0
27.06,19.1,0
62.33,19.6,0
287.3,20.8,0
125.8,20.5,0
340,21.6,0
333.9,22.26,0
397.8,23.76,0
556.2,25.28,0
253.7,25.46,0
532.6,26,0
906,26.88,0
823,28,0
864,28.48,0
851,28.34,0
752.7,27.86,0
665.4,28.4,0
360.4,28.78,0
446.9,28.92,0
445.5,29.2,0
572.4,29.6,0
434.4,29.72,0
406,29.78,0
270.4,29.1,0
173.2,28.7,0
82.3,27.5,0
3.15,25.74,0
24.14,13.18,0
110.4,15.04,0
220.4,16.7,0
359,17.9,0
389.3,18.7,0
479.5,19.8,0
557.1,21.1,0
643.2,23.2,0
712.5,24.08,0
770.8,25.4,0
820,26.16,0
846,27.4,0
860,27.1,0
846,27.84,0
828,28.3,0
810,29.36,0
765.7,29.3,0
700.5,29.82,0
632.8,30.3,0
561.1,29.8,0
477.4,30.06,0
381.9,30.3,0
281.6,30.5,0
175.4,29.8,0
90.2,29.1,0
20.69,28.2,0
5.67,15,0
83.3,15.2,0
174.9,16.66,0
270.7,18.94,0
366.1,21.62,0
463.4,23.04,0
551.4,24.62,0
628.3,25.54,0
701.5,26.64,0
758.5,28.28,0
808,29.08,0
837,30.5,0
856,30.6,0
859,31.52,0
846,32,0
813,33.06,0
760,33.2,0
712.7,33.4,0
645,33.96,0
568.5,33.48,0
485.6,33.48,0
395.5,33.5,0
303.6,33.1,0
207.4,32.7,0
115.5,32.6,0
30.83,31.3,0
1.23,16.5,0
65.77,17.28,0
156,18.68,0
247.4,20.62,0
343.9,22.6,0
435.9,23.4,0
523.5,24.8,0
606.3,26.84,0
677.4,28.5,0
740.8,29.6,0
784,29.6,0
822,30.34,0
842,30.9,0
848,32.14,0
840,32.3,0
812,33.24,0
776.4,33.2,0
721.9,33.44,0
657.5,34.22,0
587.6,33.72,0
496.3,33.6,0
409.4,33.84,0
307.1,32.96,0
222.2,31.9,0
107.9,31,0
42.1,29.8,0
4.25,14.82,0
54.09,15.48,0
141,17.18,0
238.9,18.3,0
338.3,18.96,0
431.2,20.1,0
517,21.2,0
596.3,22.4,0
669.7,23.88,0
731.4,25.38,0
783.1,26.4,0
817,26.78,0
844,27.86,0
845,28.34,0
836,28.6,0
811,29.32,0
769,30.12,0
719,29.9,0
657.7,30.38,0
582.7,30.4,0
501.1,29.38,0
411.4,28.76,0
317.1,28.18,0
222.9,26.64,0
131.6,25.3,0
42.02,23.8,0
3.84,15.1,0
60.86,15.2,0
149.3,16.1,0
244,17.8,0
338.3,19.06,0
429.5,19.9,0
515.8,20.9,0
593.9,21.48,0
669.3,22.56,0
731.6,23.66,0
780.2,24.8,0
818,25.76,0
833,25.9,0
839,25.82,0
826,26.04,0
805,26.88,0
758.8,27.36,0
705.7,27.5,0
645.6,28.02,0
572.3,27.62,0
491.7,27.94,0
401.7,27.82,0
306.3,27.5,0
218.7,26.58,0
127.7,26.3,0
34.99,25.3,0
3.17,10.62,0
66.78,12.1,0
160.2,14.32,0
256.2,16.8,0
354.7,18.2,0
449.9,19.28,0
539.5,20.3,0
617.9,20.88,0
693.1,22.5,0
754.5,23.22,0
802,23.38,0
836,24,0
855,25.2,0
861,25.62,0
852,26.56,0
826,27.08,0
770.2,27.76,0
730.1,27.58,0
658.8,27.96,0
586.6,27.18,0
494.5,27.86,0
411.3,27.2,0
311.5,27.7,0
210.5,27,0
117.7,25.66,0
30.19,24.08,0
3.03,11.6,0
88.2,12.38,0
177.2,14.32,0
273.9,15.9,0
369.2,17.7,0
464.1,18.2,0
551.6,19.56,0
630.2,20.62,0
701.2,21.6,0
762.4,22.14,0
809,23.06,0
837,24.18,0
855,24.3,0
855,25.54,0
839,26.32,0
814,27.44,0
775.5,27.34,0
707.5,27.44,0
651.7,27.96,0
570.7,28.04,0
492.3,27.86,0
391.9,27.8,0
294.8,27.7,0
199.5,27.06,0
108,26.6,0
10.3,25.66,0
16.45,12.74,0
116.7,14.1,0
183.9,16.1,0
212.9,17.5,0
361.8,19.2,0
479.3,22.94,0
499.2,24.9,0
644.7,26.42,0
698.7,27.78,0
781.9,28.4,0
813,29.26,0
851,29.62,0
864,30.3,0
864,30.5,0
844,31.72,0
808,31.66,0
760.9,31.78,0
694.6,31.96,0
622.5,32.22,0
541.3,31.44,0
455.5,32.28,0
360.8,32,0
262.1,31.3,0
158.4,31,0
85.4,30.42,0
2.75,28.4,0
39.12,11.6,0
131.9,14,0
229.5,17.8,0
327,20.44,0
423.4,22.24,0
514.3,23.74,0
599.5,25.3,0
673.8,26.56,0
738.1,28.16,0
792.3,29.6,0
829,30.7,0
855,31.44,0
863,32.24,0
857,32.56,0
828,33.7,0
785.9,33.82,0
738.2,34.1,0
669.2,34.46,0
591.5,34.38,0
505,34.5,0
411.6,34.88,0
319.4,33.96,0
222,33.98,0
122,33.1,0
36.44,32,0
1.64,15.44,0
62.43,16.82,0
147.4,17.7,0
232.9,19.8,0
335.6,23,0
428.9,25.1,0
518.4,26,0
597.2,28.2,0
665.4,29.36,0
742,30.72,0
788.3,32.26,0
820,33.4,0
842,34.08,0
847,35.1,0
832,35.5,0
801,36,0
749.8,36.98,0
694.3,37.3,0
630.9,37.4,0
547.4,37.44,0
456.8,37.34,0
364.9,37.62,0
269.9,36.7,0
174.1,36.5,0
82.7,35.7,0
5.1,34.18,0
26.02,17.2,0
115.9,18.94,0
210.7,22.04,0
305.7,24.1,0
401.1,25.8,0
489.2,27.2,0
570.7,29.14,0
642.8,30.1,0
707.2,31.92,0
757.7,33,0
794.6,34.68,0
817,35.4,0
824,37,0
818,37.8,0
794.9,38.18,0
754.5,38.9,0
705.2,39.64,0
639.2,39.56,0
566.1,39.88,0
481.5,39.3,0
395.1,39.66,0
303.3,39.28,0
209.8,38.6,0
120.6,38.1,0
33.24,37.4,0
1.56,19.4,0
56.21,21.38,0
139.4,22.64,0
216.4,24.3,0
311.2,27,0
418.3,28.1,0
502,29.4,0
590.5,31.4,0
599.2,32.7,0
723.2,33.9,0
680.2,35.26,0
468.6,35.1,0
502.7,36,0
632.2,35.82,0
798.9,38,0
673.8,38.4,0
635.2,37.9,0
635.3,39.38,0
574.4,40.02,0
543.3,39.8,0
418.8,39.9,0
370.9,40.18,0
294,39.9,0
105,39.5,0
29.45,38.04,0
0.94,35.86,0
19.54,21.56,0
55.59,21.58,0
141,23.98,0
225.4,25.32,0
334.2,28.7,0
349,29.58,0
388,30.76,0
527.3,31.12,0
556,32.2,0
687,33.6,0
681.2,34.7,0
790.6,35.9,0
764.3,36.7,0
687.7,36.7,0
728.8,37.6,0
679.5,36.9,0
593,37.4,0
514.3,37.88,0
434.5,37.8,0
368.2,38.3,0
320.3,37.9,0
224.1,38.1,0
102.4,37.3,0
57.38,35.82,0
6.29,33.14,0
7.95,19.2,0
36.3,19,0
74.68,19.3,0
105.7,20.3,0
180.1,21.46,0
196.3,21.8,0
264.3,22.1,0
295.5,23.3,0
372.3,25.1,0
530.9,26.58,0
644.1,27.9,0
613.1,28.46,0
520.7,29.3,0
441.1,29.1,0
623.9,29.3,0
414.8,29.18,0
327.7,28.74,0
250.7,28.2,0
200.9,28,0
153.7,28.1,0
150.9,28.4,0
201,29.2,0
92.9,29.2,0
36.32,29,0
11.71,28.3,0
0.67,22.3,0
11.06,23.3,0
46.49,24.6,0
62.15,21.5,0
88.2,21.6,0
140.3,22.1,0
162.7,22.7,0
440.3,24.18,0
688.3,25.68,0
452.1,27.2,0
640.7,29,0
588.8,30.38,0
733.1,30.88,0
722.9,31,0
710.1,32.16,0
624.7,32,0
522,32.56,0
260.9,32.12,0
180.9,31.7,0
192.5,31.9,0
173.9,31.6,0
186.5,32.48,0
113.2,31.74,0
61.22,31.2,0
10.28,30.14,0
6.81,16.6,0
40.08,16.7,0
148.3,17.2,0
144.4,17.82,0
327.8,18.66,0
222.2,18.7,0
366.6,20.6,0
223.5,20.2,0
522.3,21.2,0
616.3,22.1,0
623.5,24.16,0
319.3,24.32,0
273.8,23.7,0
374.1,24.2,0
354,26.38,0
571.2,27.1,0
324.9,28.08,0
181.2,26.72,0
65.95,23.64,0
54.33,21.42,0
94.5,19.8,0
57.3,19.9,0
35.95,19.9,0
13.74,20,0
3.49,19.86,0
5.65,15.6,0
43.88,15.7,0
70.99,15.9,0
87.3,16.1,0
68.24,16.68,0
160.4,16.96,0
578.8,18.14,0
637.7,19.84,0
709.4,20.7,0
750.1,21.8,0
799.7,22.52,0
807,24,0
648.5,23.12,0
844,25.44,0
833,26.3,0
673.5,25.8,0
575.2,25.84,0
416,25,0
500.4,25.08,0
224.1,24.04,0
158.7,23.3,0
126.2,22.7,0
62.96,21.46,0
31.19,20.5,0
4.27,19.52,0
9.37,11.5,0
44.21,12.42,0
96,14.2,0
319,16.18,0
253.3,16.4,0
371.5,17.1,0
469.7,18.6,0
360.4,20.16,0
235.9,19.2,0
286.5,19.9,0
558.7,20.4,0
474.8,21.06,0
499.4,22.06,0
640.4,23.52,0
561.9,24.2,0
503.7,22.9,0
714.6,23.02,0
197.7,22.7,0
120.4,22.5,0
189.3,22.4,0
100.4,21.78,0
38.05,20.8,0
28.65,19.8,0
15.5,18.88,0
2.09,18.7,0
23.06,16.3,0
109.1,16.7,0
202.8,17.8,0
296,17.7,0
423.7,19.08,0
179,18.96,0
607.8,19,0
329.7,20.1,0
680.2,21,0
733.2,21.5,0
763.9,22.74,0
791.3,23.18,0
606.7,23.54,0
783.9,24.42,0
748.6,24.7,0
714.4,25.08,0
652.5,25.38,0
591,25.58,0
511.9,25.38,0
430.5,25.68,0
343.7,25.82,0
249.7,25.22,0
159,24.7,0
69.56,24.1,0
1.38,23.26,0
44.1,10.3,0
135.6,12.24,0
230.4,15.16,0
325.7,17.72,0
419.5,19.3,0
506.2,20.9,0
584.6,22.16,0
652.2,23.4,0
709.7,24.3,0
754.1,24.94,0
781.5,25.9,0
800,27.46,0
801,28.36,0
782.6,29.92,0
746.2,28.5,0
701.7,29.5,0
641.8,30,0
576.8,29.9,0
499.4,30.06,0
413.8,29.92,0
322.2,30.2,0
229.6,29.98,0
136.1,29.7,0
43.6,28.7,0
4.66,13.42,0
72.29,13.5,0
164.4,16.3,0
265.3,19.02,0
353.8,20.3,0
442.3,21.62,0
526.5,24.2,0
601.9,25.2,0
661.7,26.28,0
720,27.5,0
761.5,28.86,0
789.7,30.12,0
799,31.16,0
793.4,31.1,0
774.5,31.66,0
736.8,32.54,0
687.4,32.96,0
628,33.32,0
556.6,33.78,0
476.5,33.88,0
387.4,33.9,0
294.6,33.46,0
198.9,33.4,0
106.8,33,0
17.08,31.74,0
12.48,17,0
105.9,17.86,0
199,20,0
294.4,21.76,0
387.7,24.9,0
475.5,28.52,0
556.2,28.7,0
626.5,29.6,0
689.2,30.5,0
740.7,31.48,0
777.5,33,0
799.6,34.04,0
808,34.82,0
797.5,35.32,0
767.9,36.4,0
725,36.2,0
635,36.64,0
571.2,36.1,0
506.2,36.9,0
428.8,36.32,0
284,35.8,0
211.5,35.3,0
162.9,35,0
65.27,34.38,0
5.31,31.54,0
56.08,18.5,0
148.3,19.6,0
245,21.76,0
339.9,25.16,0
432.6,27.8,0
517.2,28.74,0
593.2,29.5,0
657.3,30.9,0
713,31.7,0
755.3,33,0
782.8,34.26,0
791.9,35.4,0
788.6,35.74,0
766.3,35.8,0
733.4,36.84,0
684.3,37.3,0
622.2,37.52,0
550.3,37.2,0
471,37.44,0
381.8,37.54,0
287.4,37.5,0
195.4,37.38,0
102.7,36.4,0
15.39,34.96,0
10.18,17.8,0
104.4,18,0
193.8,19.7,0
287,20.2,0
381.1,21.14,0
469.2,22.14,0
546.5,22.9,0
615.4,23.18,0
676.7,24.4,0
725.5,25.48,0
756.7,26.7,0
778.5,27.68,0
780.3,29,0
767.7,30.16,0
739.7,30.82,0
695.9,31.2,0
643.6,31.48,0
572.4,30.9,0
506.9,30.76,0
419.5,30.7,0
327.8,29.78,0
235.3,29,0
145.2,27.76,0
49.72,26.2,0
4.66,11.1,0
70.58,11.54,0
162.9,14.2,0
259.5,16.3,0
353.9,17.8,0
444.2,19.1,0
527.2,20.6,0
599,21.9,0
662.8,23.4,0
715.7,23.74,0
751.9,24.96,0
773.6,26.34,0
780.7,27.24,0
770.8,28.3,0
746.5,29,0
709.7,30.04,0
656.4,30.2,0
595.8,29.94,0
520.4,30.3,0
437.5,30.7,0
350.2,31,0
257.2,30.7,0
164.4,30.6,0
19.59,29.56,0
1,27.9,0
23.48,16.3,0
73.18,16.9,0
265.4,18.54,0
337.4,22.88,0
430.1,25.3,0
299.5,24.64,0
194,27,0
748.5,27.44,0
406.2,28.64,0
781.8,28.8,0
660.5,28.88,0
778.4,30.46,0
774.1,31.56,0
756.9,32.22,0
715.1,32.82,0
582.9,33.34,0
646.6,34.04,0
611.3,34.2,0
536.7,34.16,0
277.6,34.36,0
292.9,34.3,0
177,33.5,0
89.4,32.6,0
9.54,31.5,0
11.65,16.2,0
104.7,17.5,0
209.2,19.9,0
287.5,22.72,0
385.6,25.3,0
471.1,27.02,0
545.2,28.92,0
610.6,30,0
664.9,30.86,0
709,32.22,0
734.7,32.62,0
744.6,33.24,0
744.7,34.6,0
731.4,34.96,0
705.4,36,0
660.8,36.86,0
606.9,35.9,0
482.4,36.4,0
432.4,36.7,0
280.7,35.6,0
313,35.4,0
232,34.9,0
120.4,34.42,0
23.19,31.98,0
7.62,15.5,0
95.5,16.14,0
188.6,19,0
280,21.94,0
370.8,25.1,0
454.7,26.38,0
532.2,28.2,0
625.5,29.7,0
687.2,30.44,0
706.3,31.4,0
668.2,32.4,0
785.9,33.24,0
740.3,34,0
720.8,34.12,0
691,34.82,0
649.6,34.88,0
596.9,35.22,0
524.1,35.68,0
451.6,35.6,0
322.6,34.7,0
286.9,34.5,0
188.9,33.9,0
100.2,33.2,0
23.67,31.9,0
9.31,16.2,0
42.9,17.06,0
165.2,18.44,0
183,20.76,0
186.3,23.28,0
430.6,23.58,0
449.1,26,0
702,28.18,0
595,28.3,0
616.1,29.6,0
617.5,31,0
726.3,31.4,0
399.8,31.64,0
415.2,32.02,0
675.8,33.16,0
557.1,33.3,0
356.5,33.86,0
302.6,32.4,0
511.4,32.6,0
144,32.1,0
107.7,30.7,0
96.6,30.3,0
141.1,29.64,0
40.48,29.2,0
7.7,17,0
57.03,17.9,0
86.7,17.66,0
108.7,19.22,0
95.8,23.58,0
182.4,24.4,0
337.6,24.66,0
413.3,26.26,0
329,26.6,0
615.6,28.56,0
777.2,30.28,0
768.2,30.8,0
754.2,31.36,0
687.1,31.82,0
682.7,32.54,0
640.6,32.9,0
579.5,32.94,0
525.6,33.32,0
460,33.2,0
348.5,32.2,0
217.4,31.7,0
173.4,30.98,0
59.21,30.06,0
7.79,28.4,0
9.18,13.2,0
33.11,13.36,0
110.6,13.7,0
153.7,14.6,0
218.1,15.1,0
439.2,16.36,0
420.8,18,0
719.6,19.2,0
371,20.24,0
677.8,21.6,0
760.3,22.9,0
685.4,23.76,0
352,24.22,0
456.6,25.4,0
465,25.44,0
521.6,26,0
341.3,25.68,0
373.6,25.5,0
298.2,25.7,0
374.4,25.2,0
133.2,25.04,0
90.6,24.7,0
32.43,23.6,0
2.57,22.66,0
34.84,13.8,0
33.47,15.1,0
56.98,15.3,0
82.7,15.1,0
97.2,15.78,0
151.4,16.22,0
150,16.92,0
106,16.82,0
210.7,17.44,0
59.07,17.4,0
112.9,17.2,0
150.4,17.46,0
147.9,17.7,0
181.5,17.7,0
326,18.42,0
204.5,18.8,0
197.9,19.1,0
140.5,19.2,0
182,19.5,0
101.5,19.66,0
88.6,19.5,0
26.57,19.7,0
5.76,19.7,0
0.77,15.62,0
6.13,16.2,0
20.58,16.2,0
84.2,16.6,0
142.2,17.2,0
178.6,18.4,0
191.4,18.9,0
207.8,18.4,0
209.7,17.8,0
371.9,19.5,0
390.8,20.3,0
380.9,20.88,0
327.3,21.6,0
316.8,22,0
286.7,21.9,0
693.8,22.6,0
353.2,22.38,0
527.9,22.48,0
373.1,24.34,0
281.1,23.2,0
367.1,23,0
273,24.6,0
140.6,24.8,0
21.56,23.2,0
8.1,14.52,0
97.6,14.6,0
186.2,15.7,0
278.2,17.44,0
367.2,18.9,0
451.1,20.7,0
527.9,21.68,0
593.1,22.34,0
649.4,22.74,0
691.5,23.88,0
720.4,24.32,0
732.1,25.54,0
728.5,26.4,0
710.3,27.64,0
678.4,28.8,0
630.4,29.7,0
569.4,30.1,0
497.6,30.56,0
418.7,30.44,0
332.2,30.4,0
241.4,30.46,0
150.5,30.2,0
60.15,29.88,0
6.13,28.88,0
25.13,14.46,0
134.1,16.26,0
227.7,19.54,0
320.8,21.02,0
408.6,22.08,0
489.6,23.2,0
562,23.6,0
621.6,24.22,0
671.2,25.4,0
705.2,25.92,0
722.7,27.1,0
724.9,27.64,0
723.2,27.62,0
690.7,29,0
643.2,29.3,0
590.3,29,0
529.7,29.6,0
456.7,29.7,0
374.3,29.1,0
283.2,28.7,0
180.8,28.3,0
99.6,27.32,0
19.12,22.68,0
6.86,11.22,0
87.2,12,0
177,14.02,0
269.9,16.3,0
359.6,17.2,0
444.3,18.48,0
541.2,20,0
371,20.58,0
482.9,20.58,0
686.4,21.82,0
704.9,22.44,0
714,23.72,0
704.6,23.74,0
683.4,24.86,0
648.5,25.72,0
602.6,25.58,0
541.5,25.9,0
469.7,26.34,0
390.4,27,0
318.6,26.08,0
214.1,25.44,0
58.74,24.72,0
34.23,23.6,0
4.15,14.1,0
59.32,14.4,0
149.8,15.54,0
243.2,17.36,0
333.5,20,0
418.2,20.98,0
495.4,22.24,0
563.9,23.2,0
619.3,23.9,0
664.1,23.82,0
692.9,25.12,0
707.7,25,0
704.9,25.2,0
692.2,25.94,0
658.9,26.9,0
612.9,26.52,0
556.9,26.68,0
487.8,26.68,0
413.3,26.54,0
327.3,27.08,0
237.2,26.78,0
150.2,26.26,0
64.75,25.6,0
2.67,24.1,0
26.5,13.7,0
108.9,15.4,0
205.9,17.34,0
296,18.5,0
385.9,20.48,0
463.6,21.48,0
534.2,22.32,0
603.2,23.38,0
635.6,24.1,0
677.3,25.38,0
711.3,26.6,0
699.4,26.38,0
689,26.6,0
662.2,27.3,0
618.3,28.48,0
553,28.22,0
545,28.34,0
428.5,27.92,0
350.8,28.32,0
261.6,28.12,0
180.6,28,0
73.85,27.1,0
7.08,25.4,0
7.06,14.1,0
99.7,15.1,0
193.2,17.08,0
278.1,19.1,0
368.7,20.52,0
447.7,21.64,0
521.6,23.7,0
584.4,24.6,0
635.3,24.82,0
680.4,26.26,0
684.2,27.08,0
712.5,27.8,0
719.8,28.4,0
623.2,28.88,0
631.6,28.8,0
464.3,29.08,0
504,29.9,0
510.1,29.34,0
255.3,29.3,0
137.9,28.4,0
166.8,28.7,0
62.64,28.06,0
14.46,27.1,0
5.66,17.6,0
70.46,17.4,0
188.7,19.4,0
187.3,20.4,0
418.8,23.8,0
444.2,23.8,0
424.2,25.36,0
289.3,26.4,0
659.8,27.88,0
677.1,29.56,0
657.8,30.6,0
534.6,30.76,0
313.2,30.04,0
275.8,29.3,0
565,29.8,0
677.9,31,0
486.7,31.3,0
330.6,31.58,0
146.4,31.42,0
250,30.8,0
86.9,30.2,0
43.5,29.5,0
13.05,28.88,0
4.41,14.9,0
16.94,15.74,0
184.9,17.74,0
274.7,20.54,0
364.4,23.02,0
445.4,24.74,0
519.1,25.16,0
584.2,26.76,0
637.8,28,0
672.5,30.2,0
694.2,30.3,0
705.3,30.6,0
696.3,31.5,0
675,31.4,0
632.7,31.46,0
582.6,31.78,0
531.3,32.1,0
464.5,32.8,0
386.1,32.72,0
295.9,33.26,0
203.5,33,0
109.8,32.2,0
12.54,30.6,0
5.14,13.44,0
93.5,13.78,0
181.8,16.9,0
273.3,19.22,0
361.7,22.48,0
438.5,23.3,0
510.9,24.14,0
571.7,26.2,0
620.6,26.9,0
658.1,28.46,0
682.5,29.14,0
693.3,30.94,0
685.7,30.96,0
663.1,31.8,0
630,32,0
578,32.8,0
515.9,32.4,0
443.1,33,0
364.9,33.18,0
278.6,32,0
190.4,31,0
42.1,30.1,0
11.41,28.12,0
7.2,12.5,0
104.1,14.2,0
193.2,16.86,0
282.9,20.02,0
370.1,20.72,0
450.6,21.44,0
521,22.9,0
580.3,24.06,0
630.1,25.18,0
665.1,26.4,0
685,27.74,0
689.4,28.2,0
679.8,29.4,0
655.5,30.1,0
615.9,30.38,0
566.3,30.84,0
504,31.66,0
432.7,31.7,0
350.1,31.52,0
263.4,31.3,0
175,31,0
86.5,30.3,0
5.18,28.82,0
11.35,13.7,0
116.1,15.32,0
207.7,19.08,0
296.2,21.38,0
382,24.54,0
460.5,24.52,0
530.3,25,0
588.5,26.84,0
633.7,28.5,0
665.5,29.74,0
682.3,30.4,0
686.5,31.6,0
674.6,32.2,0
648.8,32.94,0
606.3,33.8,0
554.3,33.8,0
489.1,34.5,0
416.5,34.3,0
331.3,34.3,0
244,34.4,0
153,33.7,0
61.36,32.8,0
5.32,31.12,0
24.77,15.66,0
134.5,18.3,0
223.4,20.8,0
310.2,24.32,0
392.3,27.56,0
465.6,28.8,0
530,29.4,0
586.1,30.48,0
625.1,30.9,0
653.6,31.94,0
665.7,33.2,0
663.7,33.8,0
648,34.06,0
617.7,34.44,0
571.2,35,0
511.3,35.14,0
444,35.4,0
365.6,35.2,0
285.4,34.98,0
198,34.8,0
110.5,34.2,0
16.64,33.2,0
2.04,18.6,0
75.59,19.4,0
160.2,20.92,0
256.8,23.26,0
341.5,25.06,0
354.2,26.2,0
340.7,26.84,0
365.4,27.44,0
494.5,28.46,0
325.8,29.48,0
584.4,30.5,0
575.2,32.2,0
604.3,32.66,0
622,34.1,0
593.7,33.88,0
276.4,33.28,0
579.6,33.2,0
445.7,33.72,0
341,34.1,0
216.8,33.54,0
150.7,33.1,0
64.72,32.4,0
7.96,30.7,0
16.04,20.86,0
114.7,21.4,0
196.3,23.36,0
282.9,25.9,0
361.6,26.64,0
443.2,27.7,0
504.6,28.7,0
545.7,28.88,0
576.9,29.44,0
400.5,29.6,0
559.9,29.9,0
332.3,30.9,0
259.6,29.4,0
563.7,30.4,0
510.5,31.16,0
626.5,32.08,0
173.1,31.94,0
198.1,30.54,0
139.8,30.34,0
31.38,29.7,0
21.46,28.8,0
13.26,27.88,0
0.85,17.44,0
26.25,16.7,0
52.42,17.9,0
106.4,17.8,0
290.9,19.86,0
407.3,21.72,0
461.1,23.06,0
508.3,24.3,0
571.1,26.14,0
598.9,27.4,0
632.1,28.22,0
640.9,29.34,0
633.3,29.86,0
612.7,30.4,0
575.1,30.98,0
527.3,31,0
466.4,31,0
394.6,31.06,0
320.9,31,0
239.4,30.62,0
153.5,30.2,0
67.22,29.6,0
1.82,28.38,0
2.62,14.2,0
10.18,14.3,0
19.35,14.5,0
125.4,15.1,0
173.6,15.8,0
172.1,16.3,0
152.5,16.5,0
275.5,16.88,0
131.2,17.2,0
326.6,17.3,0
259.5,19.28,0
560.1,20.7,0
152,19.6,0
141.5,18.54,0
199.9,18.78,0
220.2,19.74,0
267.3,20.3,0
138.5,20.66,0
118.2,20.5,0
188.8,20.8,0
95.7,20.5,0
16.38,19.9,0
1.65,14.8,0
16.59,14.9,0
49.12,15.1,0
94.3,14.9,0
84.8,15,0
142.6,15.9,0
205.8,16.7,0
260,16.88,0
286.1,17.6,0
246.6,18.52,0
404.3,19.58,0
819,20.26,0
291.3,20.96,0
362.1,20.86,0
196.4,21.1,0
607.2,21.96,0
75.61,22.28,0
427,22.84,0
331.7,23.9,0
62,22.2,0
43.7,21.8,0
17,20.72,0
1.27,12.9,0
25.56,13.5,0
151.8,14.52,0
247.1,16.6,0
330.7,17.56,0
415.3,18.72,0
475.1,19.6,0
540.4,19.82,0
589.4,20.7,0
624.2,21.3,0
644,21.8,0
647.9,22.54,0
636.9,23.32,0
617,23.52,0
567,23.4,0
522,23.84,0
462.4,23.92,0
384.2,23.58,0
328.9,23.5,0
218.8,22.4,0
52.88,22.1,0
23.77,21.72,0
3.84,10.82,0
55.61,10.2,0
150.8,12.2,0
243.5,13.58,0
330.6,15.48,0
412.5,16.56,0
485.4,17.7,0
544.6,19.6,0
593.7,20.24,0
632,21.9,0
653.3,23.56,0
661.1,24.9,0
653.8,26.68,0
626.1,27.96,0
588.1,28.02,0
538.2,28.24,0
473.9,28.7,0
406.9,28.34,0
324.1,28.1,0
238.3,27.74,0
149.1,27.1,0
59.54,26.4,0
5.52,25.44,0
21.32,11.9,0
139.3,13.02,0
230.7,15.82,0
319.2,19.2,0
401.6,20.4,0
473.3,20.88,0
536.4,22.86,0
587,23.7,0
624.3,23.82,0
644.5,24.52,0
653.1,25.84,0
643.8,25.72,0
627.4,26,0
584.9,27.04,0
536.5,26.74,0
479.7,27.22,0
408.8,27.08,0
327.5,28.22,0
242.2,27.3,0
153,27.3,0
61.3,26,0
4.14,24.3,0
16.06,15.8,0
41.79,16.4,0
271.4,18.24,0
114.7,19.1,0
392.5,19.4,0
452.1,21.4,0
515.5,23.76,0
562.3,24.3,0
598.9,25.04,0
615.2,25.5,0
628.4,25.72,0
628.4,26.1,0
606.8,26.92,0
572.8,27.2,0
531.1,27.52,0
474.9,27.6,0
408.4,27.62,0
264.1,27.4,0
179.1,26.7,0
56.16,26.4,0
64.98,25.6,0
9.4,24.62,0
35.28,12.4,0
138.1,13,0
232.7,16.1,0
326.3,18.92,0
472.9,21.22,0
364.4,23.12,0
565.5,24.7,0
635.9,25.24,0
640.1,25.62,0
628.2,27.02,0
702.6,27.5,0
397.5,27.7,0
369.3,26.94,0
572.2,27.8,0
286.9,27.6,0
205.4,27,0
234.7,27,0
179.9,26.5,0
149.8,26.7,0
123.6,26.6,0
27.59,25.34,0
9.62,14.3,0
42.11,15.38,0
74.7,15.38,0
276.7,17.96,0
308.3,19.7,0
171.6,20.6,0
255.2,21.04,0
433.7,23.28,0
478.8,24.8,0
499.3,25.4,0
412.4,25.4,0
626.8,26.44,0
524.7,27.9,0
445.6,27.4,0
544.1,27.86,0
376.1,28.66,0
325.6,28.1,0
203.4,28.2,0
207.8,28.24,0
147.2,26.8,0
68.26,26.5,0
21.5,24.94,0
0.81,15.5,0
14.79,15.48,0
73.57,15.8,0
134.1,16.9,0
162,18.8,0
191.5,19.54,0
267.3,20.7,0
263.2,21.48,0
625.5,23.76,0
637.7,25.48,0
655.6,25.64,0
655,25.8,0
639,26.2,0
611,27.3,0
568.6,27.4,0
509.3,27.56,0
440.4,27.7,0
363.4,27.56,0
276.9,26.82,0
190.2,27,0
79.41,25.5,0
6.63,24,0
15.81,10.4,0
114.1,11.66,0
202.6,14.06,0
290.4,16.16,0
372,18.4,0
446.3,20.12,0
510.9,21.5,0
562.9,23.78,0
601.8,24.5,0
626.6,24.82,0
634.3,25.3,0
630.2,26.1,0
611.5,27,0
579.3,27.32,0
533.8,27.16,0
477.4,27.2,0
409,27.78,0
329.5,28.3,0
203.6,28.1,0
115.2,27.1,0
46.04,25.88,0
3.43,24.4,0
16.58,15,0
45.27,15.3,0
113.7,16.26,0
177.2,17.9,0
452.4,20.58,0
263.3,22.3,0
271.1,22.4,0
318.8,23.1,0
250.3,24.48,0
127.4,23.3,0
113.2,22.3,0
76.71,21.8,0
249.4,22.3,0
218.9,22.8,0
193.1,21.76,0
118.4,21.1,0
112.1,21,0
87.2,21,0
69.46,21,0
36.77,20.6,0
7.38,20.1,0
1.31,15.3,0
19.31,15.5,0
169.3,15.7,0
144.7,17.2,0
503.9,18,0
220.8,18.96,0
279.6,20.4,0
493.9,20.9,0
467.5,21.7,0
212.3,21.28,0
221.3,19.5,0
517,19.78,0
318.6,20.98,0
418.5,21.12,0
167.7,21.4,0
217.4,21.8,0
251.3,21.18,0
285.7,21.9,0
225,21.8,0
131.2,21.6,0
67.75,20.9,0
4.25,20.1,0
35.95,10.12,0
146.9,11.1,0
238.1,13.16,0
320.6,14.4,0
400.7,15.1,0
470.7,16.5,0
528.8,17.04,0
572.3,18.7,0
602.6,20.66,0
620,22.2,0
620.3,23.36,0
606.3,23.8,0
583.7,24.2,0
541.6,24.3,0
487.5,24.7,0
422.6,24.9,0
350.2,24.8,0
269.4,24.54,0
180,24.34,0
96.3,23.9,0
9.26,23.1,0
13.59,11.3,0
119.6,12.68,0
204.4,14.7,0
287.9,16.36,0
366.6,17.76,0
436.7,18.86,0
497.5,20.2,0
546.3,21.48,0
580.1,22.44,0
599.3,23.68,0
603.3,24.7,0
596.1,25.54,0
573.8,26.08,0
538.9,26.56,0
491,27.5,0
432.3,28.3,0
363.3,28.28,0
286,28.26,0
204.1,28.2,0
118.8,27.7,0
31.32,26.9,0
3.28,14.8,0
75.53,15.08,0
162.2,16.2,0
248.6,19.36,0
328.2,22.36,0
401.2,23.5,0
463.6,23.98,0
516.9,24.9,0
553.8,26.1,0
579.3,26.64,0
589.8,27.04,0
583.6,27.8,0
566.5,28.68,0
534.9,28.22,0
490.8,29.32,0
437,28.84,0
368.4,28.94,0
290.1,29.3,0
215.2,28.86,0
132.6,27.9,0
51.85,27.04,0
1.69,14.2,0
14.91,14.2,0
43.17,14.9,0
57.05,15.32,0
86.7,16,0
81.3,16.44,0
101.5,16.7,0
91.4,16.94,0
111.8,17.4,0
101.4,17.4,0
51.09,16.48,0
128,16.2,0
148.4,16.56,0
177.7,16.94,0
161.4,17.3,0
189.2,18.1,0
218.9,19.6,0
84.1,19.5,0
95.2,18.58,0
57.61,18.5,0
17.28,18.18,0
1.09,18,0
3.01,12.5,0
8.66,12.4,0
7.1,12.5,0
18.52,12.4,0
20.34,12.6,0
50.81,12.44,0
83.6,12.6,0
86.7,12.7,0
204.3,13.1,0
126.9,13.5,0
70.75,13.2,0
107.7,13.6,0
109.5,13.8,0
205.1,14.5,0
40.39,14.72,0
238.2,14.1,0
102.7,14.3,0
79.82,14.48,0
33.41,13.9,0
18.69,13.5,0
1.07,13.2,0
31.05,9.5,0
126.9,10.4,0
210.1,11.4,0
290,12.5,0
104.4,13.4,0
471.8,14.76,0
670.7,13.82,0
582.3,14.6,0
657.1,13.1,0
110.1,14.84,0
610.5,16.16,0
484,16.48,0
648.6,16.64,0
526.6,16.7,0
468,17.2,0
404,17.66,0
332,17.6,0
251.6,17.9,0
167.8,17.6,0
86.3,17.06,0
2.98,16.08,0
26.74,6.66,0
131.5,7.86,0
221.1,9.6,0
306.1,11.7,0
385,12.3,0
450.2,13.6,0
501.8,15.12,0
553.4,17.2,0
590.5,16.2,0
602.5,17.2,0
602.9,18.38,0
592.3,17.8,0
566,17.8,0
525.9,17.84,0
474.1,18.28,0
409.4,18.1,0
334.2,18,0
250.9,17.5,0
165.4,16.9,0
83.7,16.5,0
2.56,15.6,0
48.24,4.86,0
91.6,6.28,0
70.31,7.46,0
262.8,9.84,0
258.7,13.88,0
334.1,14.02,0
438.9,15.8,0
535.4,15.78,0
622.6,15.9,0
537.3,16.4,0
575.4,18.1,0
591.6,18.24,0
557.7,18.82,0
331.5,18.9,0
331.1,18.3,0
261.6,19.1,0
308.9,18.06,0
227.8,18.8,0
145.2,18.1,0
72.58,17.4,0
4.5,16.5,0
30.87,3.14,0
137.1,5.2,0
226.2,8.48,0
308.2,10.26,0
384.9,11.5,0
451.5,12.6,0
506.7,13.6,0
549.2,14.8,0
576.9,15.62,0
590.2,16.26,0
588,16.7,0
575.6,17.4,0
546,17.46,0
505.5,18.68,0
451.7,18.8,0
382.9,18.46,0
305.5,18.8,0
225.5,18.4,0
125.6,18.1,0
49.87,17.4,0
4.05,7.68,0
40.31,8,0
144.9,9.1,0
232.2,11.42,0
312.9,14.4,0
388.1,15.18,0
459.9,16.3,0
461.8,16.7,0
537.2,17.3,0
553.8,17.7,0
646.7,18.46,0
599.7,18.22,0
575,18.62,0
529.6,19.4,0
484.4,19.46,0
427.5,19.7,0
359.8,19.96,0
283.1,19.7,0
200.1,20.5,0
115,19.6,0
22.15,18.46,0
4.56,7.3,0
72.93,8.2,0
191,10.82,0
287.7,13.62,0
500.9,14.74,0
159.3,14.16,0
245.8,14.66,0
261.8,14.7,0
29.18,15.08,0
166.3,12.24,0
36.97,11.6,0
129.2,11.6,0
98.3,11.5,0
47.38,11.5,0
31.91,11,0
57.51,11.1,0
187.5,11.14,0
84.7,12.08,0
102.5,12.2,0
50.92,12.2,0
13.19,12.1,0
20.61,9.3,0
35.36,9.78,0
30.15,10,0
109,10.6,0
109.6,11.2,0
149.8,11.6,0
171.5,12.6,0
65.98,11.72,0
102.4,11.3,0
27.83,9.22,0
43.77,8.9,0
136,9.1,0
189.9,10.3,0
159.9,10.22,0
147.3,10,0
87.7,9.8,0
225.3,10.12,0
173,10.4,0
17.8,9.9,0
5.71,9.5,0
1.84,9.1,0
23.12,6.7,0
140.9,8,0
223.3,9.8,0
305.9,10.3,0
380,10.6,0
443.4,11.5,0
496.6,12.24,0
544.6,13.5,0
586,13.36,0
718,13.6,0
591.8,14.62,0
77.33,14.14,0
523.2,14.56,0
217,14.7,0
436.7,15.06,0
350.8,14.8,0
267.4,14.7,0
186.8,14.3,0
122.4,13.8,0
14.26,13.3,0
7.08,4.46,0
101.8,4.9,0
184.5,6.4,0
268.1,8.1,0
344.9,9.9,0
411.8,12.2,0
469,12.24,0
515,12.88,0
546.4,13.3,0
561.9,13.8,0
563.9,14.96,0
558.5,14.98,0
531.8,15.42,0
490.3,16.24,0
436.8,16,0
369.9,15.72,0
304.8,15.02,0
226.4,15.18,0
142.3,14.3,0
25.14,13.7,0
4.66,12.96,0
46.68,4.1,0
142.2,5.28,0
231,7.66,0
310.9,10.2,0
382.8,12.1,0
445.1,11.9,0
495.2,12.8,0
535,13.78,0
556.9,14.1,0
567.3,14.72,0
563.2,14.78,0
542.9,15.8,0
505.5,16.02,0
464.3,16,0
403.7,16.08,0
337.5,16.3,0
261.5,16.2,0
178.9,16.1,0
109.9,15.44,0
9.18,14.8,0
10.92,5.8,0
101.7,6.46,0
184.2,7.98,0
265.5,10.1,0
340.8,13.1,0
407.1,14.38,0
461.5,14.68,0
502.5,15.7,0
530.1,16.32,0
545.2,16.9,0
546.7,17.5,0
530.8,17.86,0
504.6,17.9,0
461.1,18.3,0
409,19.04,0
346.9,18.28,0
274.7,18.6,0
196,18.08,0
132.9,18.2,0
26.06,16.72,0
1.95,6.32,0
72.15,6.48,0
160,8.08,0
244.1,11.3,0
321.6,13.52,0
386.8,14.3,0
447.7,15.2,0
494.2,16.5,0
531.8,16.7,0
546.3,18.72,0
555.1,18.6,0
545.7,19,0
521.4,19.26,0
478.1,19.92,0
431.2,19.7,0
372.7,20.4,0
297.8,20.1,0
218.7,19.72,0
132.4,19.3,0
25.51,18,0
3.84,16.3,0
1.44,8.8,0
3.44,9,0
17.51,9.1,0
46.79,9.46,0
35.2,9.9,0
40.62,10.3,0
66.18,10.3,0
92.9,10.3,0
70.82,10.4,0
169.9,10.8,0
165.8,11.4,0
153.2,12.6,0
229.9,13.5,0
298.3,14.98,0
430.4,16.1,0
64.11,15.48,0
354.9,9.9,0
107.8,10.4,0
33.39,10.94,0
2.78,10.02,0
8.58,4.5,0
122.8,5.06,0
212,6.7,0
294.3,8.82,0
369.1,9.8,0
432.1,10.4,0
484.8,10.56,0
523.9,11.24,0
548.9,11.9,0
559.6,12.5,0
556.6,12.94,0
538.4,13.3,0
504.8,13.68,0
461.4,13.9,0
405,13.9,0
337.7,14.1,0
235.9,14.04,0
181.3,14.1,0
137.1,13.7,0
8.55,13.1,0
13.28,2.6,0
104.3,4.94,0
189.3,7.02,0
271.2,8.4,0
344.5,9.6,0
344.6,10.32,0
400.8,12.1,0
420.8,12.5,0
479.3,12.7,0
320.6,13,0
580.8,14.24,0
588,14.92,0
238.5,14.2,0
180,14.7,0
446.7,15.08,0
208.4,15.22,0
263.8,15.08,0
166,15.08,0
67.47,14.3,0
18.37,13.5,0
6.15,4.7,0
49.87,5.82,0
162.6,7,0
254.1,9.9,0
326.6,11.84,0
369.7,12.6,0
445.6,14,0
407.2,14.5,0
512.2,15.58,0
498.6,15.66,0
558.2,17.5,0
532.1,17.32,0
484.8,17.6,0
352.6,18.14,0
362.8,17.6,0
225.3,17.2,0
146.8,17.2,0
173.1,17,0
127.4,16.54,0
19.64,15.8,0
4.59,6.3,0
78.86,6.7,0
158,8,0
241.1,9.88,0
312.4,12.44,0
376,13.9,0
428.8,15.1,0
470.2,15.3,0
502.6,16.34,0
517.7,17.2,0
518,17.96,0
502.3,18.5,0
475.4,18.8,0
436.8,19.08,0
385.9,19,0
323,18.86,0
255.1,19,0
190.6,18.5,0
137.3,18.3,0
21.29,17.8,0
4.93,6.6,0
76.6,7.4,0
165.4,8.9,0
247.3,10.96,0
272.2,11.9,0
381.5,12.7,0
437.9,13.7,0
482.4,15.7,0
507.9,16.54,0
518.8,17.92,0
521.6,18.64,0
511.8,19.3,0
480.5,19.9,0
440.9,20,0
391.9,20.7,0
319.1,20.9,0
254.7,20.9,0
171.3,20.4,0
122.6,19.9,0
10.33,19.1,0
8.76,9,0
80.1,9.5,0
176.6,11.4,0
176.6,13.36,0
327,15.94,0
393.1,16.6,0
440.6,17.76,0
481.2,17.7,0
540.7,19.1,0
313,18.8,0
528.2,19.3,0
564.3,19.5,0
473.1,20,0
346.1,20.2,0
374.9,20.2,0
311.4,20.2,0
243.3,20.4,0
163.3,20.1,0
77.61,19.5,0
5.51,18.52,0
26.41,8.76,0
110,9.9,0
184.5,10.62,0
276.1,12.54,0
314.7,16.16,0
436.8,17.2,0
425.1,17.34,0
503.8,18.5,0
214.3,18.94,0
422.3,20.1,0
566.1,19.92,0
398,21.1,0
399,21.3,0
421.2,22.16,0
226.1,21.2,0
364.3,21.1,0
155.2,21.1,0
109.7,20.2,0
66.14,19.52,0
3.63,18.46,0
27.99,9.6,0
102.7,9.8,0
222.5,12.64,0
390.7,14.5,0
175.1,15.4,0
172.9,15.3,0
220.5,15.94,0
206.3,16.54,0
282.3,16.8,0
484.9,18.36,0
497.7,19.16,0
485.6,19.8,0
448.3,20.02,0
404.4,19.7,0
344.5,20.38,0
265.4,19.88,0
191,19.08,0
126.3,18.44,0
37.97,17.08,0
17.27,11.18,0
10.07,11.4,0
38.22,11.7,0
61.58,11.64,0
57.4,12.2,0
34.9,12.5,0
26.9,12.1,0
52.11,11.2,0
66.34,10.8,0
40.8,10.7,0
34.01,10.6,0
75.09,10.7,0
68.45,11,0
159.5,11.7,0
454.9,13.86,0
356.1,14.1,0
276.1,13.8,0
198.7,13.3,0
128.1,13.08,0
24.58,12.36,0
2.48,4.9,0
36.6,5.4,0
83.2,5.8,0
109.7,6.4,0
139.9,6.86,0
431.3,8.72,0
290.5,9.18,0
478.9,9.62,0
492.7,9.92,0
230.5,10.38,0
202.4,10.28,0
210.6,10.24,0
565.3,11,0
114.7,10.2,0
431.4,10.5,0
209.2,10.42,0
249.2,9.96,0
159.9,9.9,0
52.33,9.24,0
5.67,8.5,0
26.54,-0.5,0
116.8,0.7,0
189,2.8,0
265.7,4.12,0
336.3,5.64,0
396.8,6.3,0
446.4,7.6,0
482.2,8.22,0
503.1,8.54,0
512.9,8.92,0
508.8,10.16,0
490.5,10.8,0
457.2,11.4,0
412.2,11.24,0
351.4,11.6,0
283.6,11.82,0
210.3,11.56,0
175.9,11.6,0
32.52,11.2,0
3.28,1.2,0
52.63,2.2,0
140.6,3.7,0
225.7,5.8,0
301.8,5.86,0
369.4,7.6,0
426.4,9.4,0
472.1,9.94,0
502.9,10.96,0
519.4,11.7,0
523.7,11.6,0
512.3,12.56,0
486.5,13.1,0
447.6,13.3,0
397.1,13.54,0
334.8,13.36,0
262.9,13.3,0
184.7,13.3,0
131.4,12.7,0
14.98,12,0
7.77,-1.24,0
98.5,0.36,0
181.7,1.42,0
262,4,0
334.9,5.16,0
397.1,6.6,0
448.9,6.34,0
488.3,8.52,0
511.4,9.34,0
524.5,10.52,0
522.1,11,0
503.2,12,0
470.5,12.5,0
426,12.8,0
368.7,13.2,0
300.9,13.5,0
227,12.98,0
160.2,12.4,0
30.95,11.7,0
6.65,10.5,0
45.55,-1.46,0
135.1,0.84,0
219.4,3,0
295.9,6,0
363,8.6,0
420.2,8.94,0
467.1,10.1,0
498.2,10.64,0
516.1,11.54,0
520.5,11.82,0
510.3,12.8,0
481.3,13.18,0
446.9,13.62,0
395.1,13.5,0
333.3,13.62,0
263.4,13.68,0
185.2,13.36,0
133.4,12.58,0
7.4,11.6,0
7.32,0.4,0
116.2,1.36,0
252.5,5.36,0
125.2,6,0
199.1,6.8,0
416.4,7.44,0
246.5,8.4,0
208,8.8,0
623.3,11.1,0
125.1,10.9,0
113.2,10.4,0
115.9,10.7,0
208.3,9.7,0
145.3,9.28,0
165.5,9.5,0
122.4,9.2,0
120.7,9,0
50.87,9.2,0
25.4,9.1,0
2.77,8.9,0
62.52,1.14,0
85.6,3.46,0
144.3,4.4,0
288.9,7.04,0
353,9.2,0
406.9,10.24,0
449.8,10.8,0
486.7,11.86,0
262.4,12.96,0
539,13.7,0
557.7,15.12,0
618.7,15.8,0
422,14.84,0
179.3,14.6,0
310,14.9,0
129.2,14.5,0
174.4,14.7,0
66.9,13.7,0
9.09,12.72,0
9.31,9.16,0
38.51,9.9,0
72.37,10,0
124.9,10.3,0
166.9,10.78,0
159.1,10.7,0
226.6,11.06,0
238,12.7,0
445.4,12.82,0
238.4,13.8,0
237.3,13.4,0
163.7,13.5,0
234.1,13.68,0
108,13.7,0
121.7,13.7,0
97.5,14.1,0
51.45,13.8,0
38.72,13.6,0
24.1,13.3,0
0.96,6.2,0
24.46,7.3,0
60.69,8.1,0
81.8,8.64,0
105.6,9.9,0
347.3,10.72,0
232.6,13.3,0
291.1,15.4,0
142.2,17.8,0
130.4,17.6,0
18.15,17.38,0
27.24,13.16,0
14.84,10.86,0
5.67,9.6,0
27.23,10,0
19.29,9.7,0
12.13,10.2,0
8.2,10.2,0
4.21,10.4,0
3.84,10.7,0
42.13,6.6,0
116.7,7.4,0
195.2,9.32,0
267.6,13.16,0
334,13.7,0
391.1,15.1,0
435.9,14.44,0
461.6,15.34,0
485.4,15.78,0
519.3,17.06,0
513.9,17.3,0
311.4,16.7,0
438.7,16,0
374.6,16.2,0
301.5,16.5,0
237.2,16.3,0
161.1,15.9,0
44.8,15.2,0
4.54,14.1,0
14.31,3.6,0
68.61,4.4,0
113.7,5.56,0
121,7.2,0
135.2,7.54,0
140.9,8.5,0
192.4,9.2,0
251.7,10.24,0
318.5,11.3,0
389.5,13.32,0
342,13.62,0
356.1,14.54,0
456.8,14.72,0
241,14.82,0
153.2,15.1,0
111.6,15.06,0
80.2,13.94,0
39.33,13.2,0
10.06,12.2,0
0.45,13.3,0
10.97,13,0
11.36,12.1,0
37.87,12.8,0
142.8,15,0
175.2,16,0
178.2,16.3,0
246,17.54,0
289.1,17.8,0
169.4,18.3,0
251.1,18.5,0
166,17.94,0
132.4,17.68,0
301.8,18.48,0
142.5,18.8,0
161.5,18.4,0
126.8,18.22,0
55.6,18.4,0
7.92,17.8,0
2.82,11.6,0
38.81,11.4,0
44.95,12.3,0
106.3,13.3,0
117.1,14.18,0
162.9,13.8,0
176.2,15.6,0
338.6,16.3,0
280.7,16.88,0
206.7,17,0
364.5,17.68,0
257.6,18.38,0
178.7,18.1,0
140.8,17.52,0
233.8,17.8,0
211.5,18,0
145.9,17.5,0
95.9,17.8,0
48.35,16.4,0
1.82,15.4,0
12.06,9.6,0
28.76,9.8,0
52.4,10.3,0
93.2,10.5,0
82.3,10.6,0
124.6,11,0
110,11.1,0
150.9,11.36,0
166.9,12,0
136.9,11.8,0
134.9,11.74,0
149.5,12.2,0
118.3,12.36,0
81.1,12.5,0
93.3,12.1,0
49.6,11.9,0
29.95,12,0
11.61,11.7,0
1.06,11.6,0
7.57,9.6,0
44.3,10.48,0
124.7,11.4,0
177.1,11.82,0
199.8,12.8,0
220,13.3,0
310.3,14.1,0
391.3,15.4,0
187.1,16.04,0
200.3,15.5,0
252.9,15.7,0
108.8,16.22,0
166.8,16.4,0
140.6,16.5,0
257.1,16.4,0
292,16.94,0
62.24,16.4,0
40.43,16.4,0
5.16,16.1,0
1.98,10.8,0
7.78,10.9,0
21.45,11,0
65.21,11.28,0
162.4,11.7,0
353.9,12.62,0
205.3,12.9,0
207.6,14.42,0
494.1,14.1,0
227.8,14.52,0
278.2,15,0
208.9,14.28,0
412.2,14.9,0
202.3,15.5,0
304.3,14.8,0
255.9,14.6,0
73.54,13.8,0
36.85,13.3,0
6.99,12.6,0
3.1,7.4,0
11.85,7.48,0
148.3,7.7,0
235.8,9.2,0
135.8,9.3,0
315.1,9.64,0
124.7,10.88,0
149,10.4,0
501.2,10.8,0
543.2,11.66,0
100.4,12.3,0
501.9,12.86,0
97.9,13.08,0
453.4,14,0
335.4,13.22,0
215.2,12.8,0
116,13.1,0
92.3,13,0
43.72,11.9,0
2.27,1,0
93,2.16,0
42.85,3.38,0
284.5,6.36,0
266.6,7.7,0
525.3,9.56,0
220.5,9.1,0
233,9.76,0
633.5,10.72,0
299.6,11.64,0
458.2,11.88,0
206,12.68,0
194.6,12.3,0
120.6,12.6,0
84.7,11.9,0
129.4,12.1,0
67.01,11.8,0
48.46,11.8,0
19.54,11.7,0
1.88,10.14,0
3.63,9.9,0
21.74,10.4,0
31.37,10.5,0
23.13,9.3,0
49.85,8.9,0
35.69,8.7,0
21.26,8.24,0
28.06,7.8,0
42.13,8.6,0
58.52,8.6,0
118.3,9.3,0
197.6,9.6,0
141.8,10.3,0
98,10.84,0
71.12,11.16,0
126.3,11,0
48.45,10.7,0
15.56,10.58,0
4.51,0.7,0
65.83,1.46,0
146.5,2.68,0
225.8,3.2,0
297,5,0
359.7,6.42,0
411.8,7.08,0
451.3,8.18,0
477.3,9,0
491.6,9.7,0
490.1,10.78,0
473.6,11.14,0
444.2,11.3,0
397.6,11.6,0
343.7,11.5,0
280.4,11.5,0
206.4,11.52,0
164.2,11.3,0
24.64,10.9,0
5.79,-1.9,0
61.6,-1.14,0
143.4,1,0
227.2,2.26,0
300.2,3.8,0
365.7,6,0
416.7,7.52,0
456.7,8.36,0
481.4,10.12,0
492.6,11.3,0
490.2,12.68,0
474.9,13.26,0
445.1,13,0
403.4,13.2,0
347.5,13.5,0
283,13,0
208.7,12.6,0
144.9,12.1,0
28.03,11.5,0
3.85,1.66,0
50.23,1.44,0
129.9,2.4,0
209.1,5.02,0
281.5,7.72,0
341.9,8.5,0
393.7,9.1,0
435.9,10.26,0
464,11.02,0
479.8,10.9,0
381.2,11.16,0
464.9,11.9,0
389.3,12.1,0
393.3,12.24,0
338.4,12.22,0
276.2,12.08,0
203.9,11.56,0
137.4,11.62,0
24.2,10.7,0
14.12,4.4,0
65.49,4.54,0
72.46,5.2,0
90.2,6.54,0
228.8,7.92,0
275.1,8.82,0
216.9,9.58,0
217.5,9.9,0
216.6,9.82,0
402.9,10.44,0
468.5,11.14,0
189.8,11.42,0
238.8,11.54,0
457,12.46,0
214.5,12.6,0
296.7,12.8,0
216.8,13.8,0
118.3,13,0
39.1,12.1,0
3.85,4.8,0
42.96,5.32,0
122.7,6.8,0
202.4,8.4,0
277.9,10.2,0
337.5,10.98,0
397.1,11.58,0
474.3,12.8,0
486.9,13.4,0
577.9,14.42,0
324.1,14.2,0
256.2,14,0
264.2,14.46,0
180.8,13.8,0
162.9,13.9,0
134,13.9,0
77.71,13.3,0
31.46,12.7,0
12.69,12.5,0
1.69,7.5,0
17.75,7.5,0
109.2,7.7,0
77.14,8.1,0
87,8.4,0
117,8.7,0
156.5,9,0
207.4,9.6,0
161.1,9.6,0
162.8,10,0
107.1,10.18,0
199.4,10.8,0
239.7,12.5,0
351,12.5,0
81.4,12,0
304.1,13,0
57.54,11.5,0
53.92,11.66,0
42.38,10.78,0
0.82,5.3,0
6.75,5.5,0
20.33,5.94,0
71.59,6.44,0
56.76,6.9,0
55.58,6.9,0
87.7,7.6,0
117.7,7.9,0
130.3,8.1,0
302,9.34,0
200.2,9.7,0
245.3,10.3,0
212.7,10.8,0
239.9,11.2,0
168.9,11.3,0
82.7,11.2,0
52.79,11.1,0
37.86,11.3,0
12.97,11.04,0
0.1,7.9,0
4.95,7.9,0
5.7,8,0
7.92,8.1,0
20.51,8.4,0
28.8,8.78,0
26.41,8.8,0
33.69,8.8,0
27.51,9.2,0
25.25,9.1,0
17.83,9.1,0
40.08,9.02,0
21.99,9.1,0
29.39,9.6,0
30.47,9.8,0
27.49,9.44,0
14.4,9.7,0
5.73,9.8,0
2.69,9.8,0
1.99,12.9,0
15.71,12.8,0
99.7,12.6,0
83.4,13.2,0
143.8,13.8,0
143.5,14.3,0
218.9,15.16,0
261.3,15.3,0
408,16.5,0
328.3,16.8,0
325,17.5,0
238.9,16.76,0
228.5,16.5,0
219.4,16.6,0
150.3,15.98,0
110.5,15.8,0
99.6,15.9,0
77.14,15.2,0
16.29,14.6,0
5.74,6.1,0
54.19,6.56,0
131,7.12,0
213.1,8.8,0
286.2,10,0
350.5,11.2,0
394.3,11.9,0
426.8,11.9,0
466.8,12.6,0
473.3,13.2,0
482.4,13.78,0
458,13,0
426.1,13.3,0
382.8,13.8,0
326,13.12,0
264.2,12.98,0
192.9,12.9,0
159.5,12.4,0
20.65,11.52,0
1.1,6.1,0
22.36,6.38,0
15.79,6.5,0
27.44,6.6,0
38.42,6.5,0
71.9,6.5,0
94.5,6.9,0
81.4,6.9,0
273.7,7.7,0
248.2,8.2,0
98.3,8.3,0
117.6,8.3,0
76.24,8,0
110.3,8.3,0
139.5,8.6,0
115.5,9.12,0
260.4,10.1,0
32.01,10.12,0
33.4,9.3,0
4.56,2.2,0
30.69,2.6,0
43.82,2.9,0
226.6,4,0
293.1,5.68,0
353.7,6.4,0
404.8,7.1,0
443.7,8,0
470,8.7,0
489.3,9.5,0
483.2,9.9,0
465.9,10.14,0
465.9,10.88,0
396.6,10.44,0
337.3,10.58,0
269.1,10.3,0
197.2,10.1,0
157.2,9.6,0
24.86,8.7,0
5.95,1.2,0
65.84,2.4,0
152.7,3.7,0
234.1,5.1,0
306,6,0
368.3,7.32,0
420.8,8.7,0
460,9.4,0
484.9,9.58,0
496.2,10.3,0
493.8,10.8,0
476.2,10.9,0
445.7,11.72,0
401.9,12.1,0
345.8,12.56,0
280.2,12.34,0
206.3,11.8,0
162,11.2,0
26.54,9.5,0
5.54,-0.46,0
68.14,0.6,0
154.6,1.5,0
104.5,3.3,0
397.7,6.18,0
269.8,7.2,0
205,6.9,0
230.3,7.34,0
251.8,7.66,0
96.4,7.9,0
102.1,7.7,0
110.2,7.2,0
154,6.9,0
210.3,6.94,0
241.7,6.8,0
106.4,7.16,0
55.42,6.5,0
45.93,6.3,0
9.14,6.2,0
3.13,2.9,0
17.3,2.6,0
35.88,2.6,0
62.07,2.9,0
101.5,3.28,0
157.5,4.02,0
116.9,3.82,0
414.5,4.56,0
393.8,5.7,0
499.7,7.1,0
266.7,6.84,0
156.9,6.8,0
150.8,7.88,0
474.5,8,0
416.3,9.06,0
341.4,8.9,0
239.2,9.44,0
139.5,8.4,0
25.29,7.8,0
4.26,-0.1,0
61.88,0.4,0
145.2,1.34,0
262.7,4.24,0
155.4,6,0
318.1,7,0
403.3,7.5,0
442,8.04,0
469.8,8.7,0
484.1,9.6,0
479.8,10.2,0
474.2,9.92,0
450.1,9.82,0
406.4,10.28,0
360.6,9.66,0
282.4,10.46,0
210.1,9.9,0
146.5,9.6,0
25.1,8.7,0
4.66,7.5,0
26.11,4.92,0
63.24,5.3,0
122.9,7,0
120.3,8.2,0
353.8,7.9,0
259,9.2,0
301.3,9.2,0
337.9,9.22,0
316.4,8.64,0
304.6,9.22,0
274.8,9,0
364.7,9.22,0
409,8.7,0
350.4,9.5,0
283.3,9.9,0
209.9,9.8,0
169,9.5,0
37.84,9,0
4.76,8.4,0
